d_0 d0 0.099185 0.443843 0.456972 
d_1 d1 0.133826 0.390336 0.475839 
d_2 d2 0.162287 0.385751 0.451962 
d_3 d3 0.355158 0.409076 0.235766 
d_4 d4 0.171240 0.336177 0.492583 
d_5 d5 0.101885 0.379623 0.518492 
d_6 d6 0.171593 0.345863 0.482545 
d_7 d7 0.338698 0.255003 0.406299 
d_8 d8 0.202646 0.309793 0.487560 
d_9 d9 0.236437 0.346131 0.417432 
d_10 d10 0.217788 0.420400 0.361813 
d_11 d11 0.399834 0.246371 0.353795 
d_12 d12 0.431499 0.173814 0.394687 
d_13 d13 0.098075 0.397632 0.504293 
d_14 d14 0.222508 0.297711 0.479781 
d_15 d15 0.171320 0.249433 0.579247 
d_16 d16 0.178550 0.306987 0.514463 
d_17 d17 0.144947 0.400471 0.454582 
d_18 d18 0.333333 0.431625 0.235042 
d_19 d19 0.185785 0.437485 0.376730 
d_20 d20 0.182591 0.337010 0.480399 
d_21 d21 0.159560 0.377064 0.463375 
d_22 d22 0.134849 0.331152 0.533999 
d_23 d23 0.183186 0.429654 0.387160 
d_24 d24 0.190721 0.372948 0.436331 
d_25 d25 0.189431 0.519560 0.291009 
d_26 d26 0.210626 0.387324 0.402049 
d_27 d27 0.240033 0.318856 0.441111 
d_28 d28 0.240963 0.396145 0.362892 
d_29 d29 0.248789 0.409630 0.341582 
d_30 d30 0.322065 0.322065 0.355870 
d_31 d31 0.152500 0.440118 0.407381 
d_32 d32 0.183097 0.399933 0.416970 
d_33 d33 0.386252 0.302014 0.311734 
d_34 d34 0.295294 0.280569 0.424136 
d_35 d35 0.387422 0.380517 0.232062 
d_36 d36 0.235668 0.423186 0.341147 
d_37 d37 0.245814 0.287823 0.466363 
d_38 d38 0.111533 0.330415 0.558052 
d_39 d39 0.099527 0.462990 0.437483 
d_40 d40 0.154658 0.321731 0.523611 
d_41 d41 0.311645 0.369480 0.318875 
d_42 d42 0.357085 0.432090 0.210826 
d_43 d43 0.300154 0.392582 0.307264 
d_44 d44 0.356531 0.371996 0.271474 
d_45 d45 0.283848 0.359802 0.356350 
d_46 d46 0.217688 0.287574 0.494738 
d_47 d47 0.131962 0.388784 0.479255 
d_48 d48 0.227171 0.365644 0.407185 
d_49 d49 0.332228 0.345489 0.322283 
d_50 d50 0.317021 0.358429 0.324550 
d_51 d51 0.353562 0.361148 0.285290 
d_52 d52 0.269065 0.391332 0.339603 
d_53 d53 0.176883 0.383397 0.439720 
d_54 d54 0.362197 0.354557 0.283246 
d_55 d55 0.282560 0.365644 0.351796 
d_56 d56 0.176660 0.312834 0.510506 
d_57 d57 0.319679 0.329920 0.350401 
d_58 d58 0.258194 0.468066 0.273740 
d_59 d59 0.397625 0.456559 0.145817 
d_60 d60 0.248163 0.425373 0.326465 
d_61 d61 0.252314 0.397794 0.349892 
d_62 d62 0.138671 0.347238 0.514092 
d_63 d63 0.330692 0.283155 0.386153 
d_64 d64 0.156992 0.299012 0.543997 
d_65 d65 0.245364 0.374151 0.380485 
d_66 d66 0.268648 0.287130 0.444222 
d_67 d67 0.140418 0.469705 0.389877 
d_68 d68 0.401520 0.239577 0.358903 
d_69 d69 0.210898 0.314641 0.474461 
d_70 d70 0.315004 0.326002 0.358994 
d_71 d71 0.369501 0.279986 0.350513 
d_72 d72 0.188840 0.397025 0.414136 
d_73 d73 0.230304 0.369252 0.400444 
d_74 d74 0.217522 0.344233 0.438245 
d_75 d75 0.271490 0.478222 0.250287 
d_76 d76 0.290658 0.307357 0.401985 
d_77 d77 0.279107 0.338547 0.382345 
d_78 d78 0.075330 0.384224 0.540446 
d_79 d79 0.256871 0.376080 0.367049 
d_80 d80 0.183393 0.348893 0.467713 
d_81 d81 0.212597 0.254855 0.532549 
d_82 d82 0.222022 0.365870 0.412107 
d_83 d83 0.271357 0.360878 0.367765 
d_84 d84 0.196427 0.384184 0.419388 
d_85 d85 0.352891 0.219897 0.427212 
d_86 d86 0.122046 0.515231 0.362723 
d_87 d87 0.149053 0.391764 0.459183 
d_88 d88 0.352203 0.442778 0.205019 
d_89 d89 0.237979 0.492645 0.269376 
d_90 d90 0.298592 0.508645 0.192763 
d_91 d91 0.122026 0.397855 0.480119 
d_92 d92 0.275233 0.345695 0.379072 
d_93 d93 0.179464 0.348128 0.472407 
d_94 d94 0.314063 0.444901 0.241037 
d_95 d95 0.437478 0.309081 0.253442 
d_96 d96 0.172124 0.420358 0.407518 
d_97 d97 0.299090 0.371381 0.329529 
d_98 d98 0.141151 0.337065 0.521784 
d_99 d99 0.390906 0.272563 0.336532 
d_100 d100 0.214379 0.403093 0.382528 
d_101 d101 0.386393 0.224515 0.389091 
d_102 d102 0.281769 0.326549 0.391682 
d_103 d103 0.232075 0.469309 0.298616 
d_104 d104 0.319507 0.347160 0.333333 
d_105 d105 0.232175 0.445140 0.322685 
d_106 d106 0.210665 0.374223 0.415112 
d_107 d107 0.338199 0.413425 0.248377 
d_108 d108 0.224603 0.425627 0.349769 
d_109 d109 0.232062 0.249324 0.518614 
d_110 d110 0.181318 0.457346 0.361336 
d_111 d111 0.171356 0.280835 0.547809 
d_112 d112 0.094050 0.348356 0.557594 
d_113 d113 0.401116 0.244695 0.354189 
d_114 d114 0.351470 0.281513 0.367016 
d_115 d115 0.249470 0.319807 0.430723 
d_116 d116 0.478566 0.287471 0.233964 
d_117 d117 0.105790 0.325993 0.568217 
d_118 d118 0.358859 0.306896 0.334245 
d_119 d119 0.217799 0.374853 0.407347 
d_120 d120 0.224633 0.562078 0.213290 
d_121 d121 0.359024 0.193871 0.447105 
d_122 d122 0.263326 0.343578 0.393096 
d_123 d123 0.173976 0.264320 0.561704 
d_124 d124 0.275035 0.366519 0.358447 
d_125 d125 0.312106 0.287340 0.400554 
d_126 d126 0.204155 0.349481 0.446364 
d_127 d127 0.208057 0.412171 0.379772 
d_128 d128 0.287393 0.260889 0.451718 
d_129 d129 0.232011 0.277043 0.490947 
d_130 d130 0.140366 0.307357 0.552278 
d_131 d131 0.125472 0.359316 0.515212 
d_132 d132 0.227145 0.371947 0.400907 
d_133 d133 0.177721 0.251732 0.570547 
d_134 d134 0.164349 0.377529 0.458122 
d_135 d135 0.248507 0.462805 0.288688 
d_136 d136 0.125029 0.526556 0.348414 
d_137 d137 0.059917 0.377671 0.562411 
d_138 d138 0.129529 0.482705 0.387765 
d_139 d139 0.167769 0.414868 0.417363 
d_140 d140 0.184622 0.336746 0.478632 
d_141 d141 0.120983 0.374105 0.504912 
d_142 d142 0.487889 0.277486 0.234626 
d_143 d143 0.084473 0.446170 0.469356 
d_144 d144 0.159090 0.295333 0.545577 
d_145 d145 0.275502 0.342231 0.382268 
d_146 d146 0.172126 0.323961 0.503913 
d_147 d147 0.305039 0.340163 0.354798 
d_148 d148 0.135672 0.411615 0.452713 
d_149 d149 0.180261 0.385815 0.433924 
d_150 d150 0.167050 0.255499 0.577452 
d_151 d151 0.253170 0.312307 0.434523 
d_152 d152 0.217189 0.374901 0.407910 
d_153 d153 0.319634 0.355596 0.324771 
d_154 d154 0.124741 0.330321 0.544938 
d_155 d155 0.310701 0.323432 0.365867 
d_156 d156 0.326291 0.461511 0.212198 
d_157 d157 0.397370 0.307446 0.295184 
d_158 d158 0.181504 0.253027 0.565468 
d_159 d159 0.317137 0.323211 0.359652 
d_160 d160 0.221435 0.247662 0.530903 
d_161 d161 0.189089 0.452597 0.358314 
d_162 d162 0.193149 0.302730 0.504122 
d_163 d163 0.331432 0.322877 0.345691 
d_164 d164 0.308047 0.323219 0.368734 
d_165 d165 0.357864 0.306916 0.335220 
d_166 d166 0.159983 0.469702 0.370315 
d_167 d167 0.430161 0.256738 0.313101 
d_168 d168 0.334995 0.364897 0.300108 
d_169 d169 0.237338 0.430762 0.331901 
d_170 d170 0.302999 0.347033 0.349968 
d_171 d171 0.565379 0.175542 0.259079 
d_172 d172 0.219461 0.418738 0.361802 
d_173 d173 0.234048 0.255842 0.510110 
d_174 d174 0.198222 0.295225 0.506553 
d_175 d175 0.155571 0.348242 0.496187 
d_176 d176 0.243848 0.410726 0.345426 
d_177 d177 0.193494 0.448852 0.357653 
d_178 d178 0.490606 0.252896 0.256498 
d_179 d179 0.214307 0.385845 0.399848 
d_180 d180 0.226266 0.294607 0.479128 
d_181 d181 0.455004 0.254692 0.290303 
d_182 d182 0.233594 0.307736 0.458670 
d_183 d183 0.128668 0.410932 0.460401 
d_184 d184 0.193079 0.417181 0.389740 
d_185 d185 0.273963 0.361040 0.364998 
d_186 d186 0.263284 0.307526 0.429190 
d_187 d187 0.191017 0.459581 0.349401 
d_188 d188 0.246975 0.307746 0.445280 
d_189 d189 0.159284 0.454597 0.386119 
d_190 d190 0.165607 0.341449 0.492944 
d_191 d191 0.270408 0.341199 0.388393 
d_192 d192 0.189156 0.414625 0.396219 
d_193 d193 0.237946 0.398912 0.363142 
d_194 d194 0.556782 0.213434 0.229784 
d_195 d195 0.381995 0.325389 0.292616 
d_196 d196 0.324499 0.239685 0.435816 
d_197 d197 0.411808 0.132585 0.455607 
d_198 d198 0.294825 0.455861 0.249314 
d_199 d199 0.191766 0.367102 0.441133 
d_200 d200 0.153009 0.464214 0.382777 
d_201 d201 0.261681 0.369160 0.369160 
d_202 d202 0.171863 0.361881 0.466256 
d_203 d203 0.319292 0.361417 0.319292 
d_204 d204 0.173445 0.310492 0.516063 
d_205 d205 0.283719 0.197545 0.518736 
d_206 d206 0.287176 0.397954 0.314870 
d_207 d207 0.266457 0.369105 0.364439 
d_208 d208 0.287792 0.354710 0.357498 
d_209 d209 0.115617 0.323763 0.560620 
d_210 d210 0.181638 0.401632 0.416730 
d_211 d211 0.483207 0.262484 0.254309 
d_212 d212 0.129382 0.310157 0.560461 
d_213 d213 0.186417 0.310136 0.503447 
d_214 d214 0.244070 0.353170 0.402761 
d_215 d215 0.294211 0.228192 0.477596 
d_216 d216 0.216341 0.357864 0.425795 
d_217 d217 0.331038 0.204790 0.464172 
d_218 d218 0.319788 0.394288 0.285924 
d_219 d219 0.201771 0.470055 0.328174 
d_220 d220 0.186134 0.354683 0.459183 
d_221 d221 0.363861 0.348071 0.288068 
d_222 d222 0.109751 0.426996 0.463253 
d_223 d223 0.196232 0.422779 0.380989 
d_224 d224 0.291096 0.295184 0.413720 
d_225 d225 0.140299 0.447293 0.412408 
d_226 d226 0.244887 0.401678 0.353435 
d_227 d227 0.273252 0.346773 0.379975 
d_228 d228 0.276058 0.265148 0.458794 
d_229 d229 0.286555 0.402694 0.310751 
d_230 d230 0.130438 0.502271 0.367291 
d_231 d231 0.209812 0.385673 0.404515 
d_232 d232 0.171667 0.516763 0.311571 
d_233 d233 0.455791 0.289598 0.254610 
d_234 d234 0.139483 0.374414 0.486103 
d_235 d235 0.230992 0.284387 0.484621 
d_236 d236 0.227654 0.394516 0.377830 
d_237 d237 0.199653 0.438441 0.361906 
d_238 d238 0.209854 0.429916 0.360230 
d_239 d239 0.436489 0.258152 0.305359 
d_240 d240 0.296912 0.315123 0.387966 
d_241 d241 0.195270 0.346539 0.458191 
d_242 d242 0.270728 0.463360 0.265912 
d_243 d243 0.278556 0.417606 0.303838 
d_244 d244 0.169436 0.348059 0.482506 
d_245 d245 0.193530 0.368029 0.438441 
d_246 d246 0.512779 0.274165 0.213056 
d_247 d247 0.294584 0.338869 0.366547 
d_248 d248 0.158748 0.241053 0.600200 
d_249 d249 0.402412 0.220681 0.376906 
d_250 d250 0.341510 0.326792 0.331698 
d_251 d251 0.415649 0.318447 0.265905 
d_252 d252 0.139093 0.366989 0.493918 
d_253 d253 0.217989 0.354194 0.427818 
d_254 d254 0.262285 0.307498 0.430217 
d_255 d255 0.265013 0.256102 0.478885 
d_256 d256 0.114072 0.348862 0.537066 
d_257 d257 0.360251 0.277050 0.362698 
d_258 d258 0.331758 0.360107 0.308134 
d_259 d259 0.251757 0.297644 0.450599 
d_260 d260 0.138141 0.514067 0.347792 
d_261 d261 0.192484 0.373027 0.434489 
d_262 d262 0.302149 0.402383 0.295467 
d_263 d263 0.139748 0.359204 0.501048 
d_264 d264 0.303340 0.417462 0.279198 
d_265 d265 0.125297 0.412168 0.462535 
d_266 d266 0.282382 0.360308 0.357311 
d_267 d267 0.241338 0.374879 0.383782 
d_268 d268 0.220280 0.355944 0.423776 
d_269 d269 0.164593 0.318660 0.516747 
d_270 d270 0.318668 0.318668 0.362663 
d_271 d271 0.280767 0.292595 0.426638 
d_272 d272 0.186053 0.410635 0.403312 
d_273 d273 0.257874 0.441360 0.300767 
d_274 d274 0.047475 0.502459 0.450067 
d_275 d275 0.525850 0.248835 0.225315 
d_276 d276 0.133868 0.381386 0.484745 
d_277 d277 0.272926 0.348435 0.378639 
d_278 d278 0.218790 0.383997 0.397214 
d_279 d279 0.325322 0.305294 0.369384 
d_280 d280 0.369264 0.243506 0.387230 
d_281 d281 0.115632 0.347886 0.536482 
d_282 d282 0.181890 0.342799 0.475312 
d_283 d283 0.349223 0.355181 0.295596 
d_284 d284 0.154317 0.380443 0.465240 
d_285 d285 0.151686 0.471135 0.377179 
d_286 d286 0.073280 0.448912 0.477807 
d_287 d287 0.240963 0.418314 0.340723 
d_288 d288 0.286616 0.307380 0.406004 
d_289 d289 0.205599 0.384971 0.409431 
d_290 d290 0.361817 0.371311 0.266872 
d_291 d291 0.136310 0.444694 0.418996 
d_292 d292 0.176067 0.327285 0.496648 
d_293 d293 0.210038 0.378168 0.411794 
d_294 d294 0.280694 0.299272 0.420034 
d_295 d295 0.074118 0.422867 0.503015 
d_296 d296 0.145577 0.407654 0.446770 
d_297 d297 0.159974 0.336871 0.503155 
d_298 d298 0.376320 0.327012 0.296669 
d_299 d299 0.133118 0.357975 0.508907 
d_300 d300 0.198830 0.388047 0.413124 
d_301 d301 0.583933 0.274782 0.141285 
d_302 d302 0.047475 0.477641 0.474884 
d_303 d303 0.429965 0.356124 0.213911 
d_304 d304 0.348798 0.325601 0.325601 
d_305 d305 0.292512 0.399668 0.307820 
d_306 d306 0.137591 0.468906 0.393503 
d_307 d307 0.108467 0.402837 0.488695 
d_308 d308 0.259763 0.249497 0.490740 
d_309 d309 0.427282 0.386489 0.186229 
d_310 d310 0.065973 0.295758 0.638269 
d_311 d311 0.354789 0.369092 0.276119 
d_312 d312 0.210614 0.417299 0.372087 
d_313 d313 0.176869 0.227720 0.595410 
d_314 d314 0.271584 0.447795 0.280621 
d_315 d315 0.115961 0.407516 0.476523 
d_316 d316 0.251511 0.409700 0.338788 
d_317 d317 0.153441 0.487189 0.359370 
d_318 d318 0.208328 0.316246 0.475426 
d_319 d319 0.167067 0.362892 0.470041 
d_320 d320 0.168275 0.412222 0.419504 
d_321 d321 0.231868 0.480255 0.287877 
d_322 d322 0.106217 0.362193 0.531589 
d_323 d323 0.113587 0.360802 0.525612 
d_324 d324 0.180683 0.518796 0.300521 
d_325 d325 0.268700 0.370938 0.360362 
d_326 d326 0.263457 0.296211 0.440332 
d_327 d327 0.293845 0.430080 0.276075 
d_328 d328 0.245552 0.457167 0.297280 
d_329 d329 0.267145 0.377459 0.355396 
d_330 d330 0.383500 0.288620 0.327880 
d_331 d331 0.111612 0.464981 0.423408 
d_332 d332 0.139929 0.358129 0.501942 
d_333 d333 0.168996 0.499674 0.331329 
d_334 d334 0.227084 0.431194 0.341721 
d_335 d335 0.097027 0.400444 0.502528 
d_336 d336 0.390957 0.273851 0.335192 
d_337 d337 0.190221 0.379334 0.430446 
d_338 d338 0.169641 0.475558 0.354801 
d_339 d339 0.170211 0.354665 0.475124 
d_340 d340 0.552930 0.252178 0.194892 
d_341 d341 0.135427 0.347674 0.516899 
d_342 d342 0.226233 0.388970 0.384797 
d_343 d343 0.272278 0.472889 0.254834 
d_344 d344 0.232538 0.374281 0.393181 
d_345 d345 0.172857 0.392848 0.434295 
d_346 d346 0.250818 0.431096 0.318086 
d_347 d347 0.214327 0.296716 0.488958 
d_348 d348 0.189817 0.469537 0.340646 
d_349 d349 0.184303 0.439187 0.376510 
d_350 d350 0.113671 0.311903 0.574426 
d_351 d351 0.272183 0.298936 0.428881 
d_352 d352 0.188366 0.430590 0.381044 
d_353 d353 0.243995 0.323306 0.432700 
d_354 d354 0.297615 0.373253 0.329131 
d_355 d355 0.278464 0.300910 0.420626 
d_356 d356 0.257217 0.380405 0.362378 
d_357 d357 0.219831 0.354749 0.425420 
d_358 d358 0.176185 0.392621 0.431194 
d_359 d359 0.282924 0.347418 0.369658 
d_360 d360 0.158171 0.351299 0.490531 
d_361 d361 0.369837 0.295980 0.334182 
d_362 d362 0.433117 0.246854 0.320029 
d_363 d363 0.436209 0.264188 0.299604 
d_364 d364 0.112298 0.373070 0.514632 
d_365 d365 0.086178 0.311310 0.602512 
d_366 d366 0.248445 0.339148 0.412408 
d_367 d367 0.197514 0.342096 0.460390 
d_368 d368 0.225818 0.305350 0.468832 
d_369 d369 0.130029 0.339613 0.530358 
d_370 d370 0.301696 0.370243 0.328060 
d_371 d371 0.161935 0.394441 0.443625 
d_372 d372 0.288187 0.271770 0.440044 
d_373 d373 0.074220 0.434946 0.490834 
d_374 d374 0.172814 0.337155 0.490031 
d_375 d375 0.331901 0.336199 0.331901 
d_376 d376 0.173829 0.384753 0.441419 
d_377 d377 0.286007 0.314403 0.399590 
d_378 d378 0.145306 0.427347 0.427347 
d_379 d379 0.165729 0.249531 0.584740 
d_380 d380 0.180182 0.308829 0.510989 
d_381 d381 0.302112 0.416264 0.281623 
d_382 d382 0.311847 0.329427 0.358726 
d_383 d383 0.286343 0.329719 0.383939 
d_384 d384 0.191766 0.409962 0.398273 
d_385 d385 0.371204 0.223929 0.404867 
d_386 d386 0.237199 0.389412 0.373389 
d_387 d387 0.272486 0.328653 0.398861 
d_388 d388 0.194800 0.394060 0.411140 
d_389 d389 0.247400 0.243664 0.508936 
d_390 d390 0.214887 0.457164 0.327949 
d_391 d391 0.194463 0.385737 0.419800 
d_392 d392 0.260181 0.423435 0.316383 
d_393 d393 0.424880 0.282345 0.292775 
d_394 d394 0.188768 0.357957 0.453275 
d_395 d395 0.436461 0.281769 0.281769 
d_396 d396 0.248335 0.358833 0.392832 
d_397 d397 0.318216 0.269376 0.412408 
d_398 d398 0.253034 0.307784 0.439182 
d_399 d399 0.300445 0.326025 0.373531 
d_400 d400 0.199500 0.455401 0.345099 
d_401 d401 0.177101 0.392203 0.430695 
d_402 d402 0.249120 0.438600 0.312280 
d_403 d403 0.281879 0.281879 0.436242 
d_404 d404 0.175256 0.252682 0.572062 
d_405 d405 0.068415 0.449897 0.481688 
d_406 d406 0.186801 0.443500 0.369699 
d_407 d407 0.482564 0.255609 0.261827 
d_408 d408 0.270005 0.198760 0.531236 
d_409 d409 0.305952 0.458504 0.235543 
d_410 d410 0.396212 0.221049 0.382738 
d_411 d411 0.291601 0.322900 0.385498 
d_412 d412 0.240903 0.468081 0.291016 
d_413 d413 0.125032 0.348878 0.526089 
d_414 d414 0.444547 0.300057 0.255396 
d_415 d415 0.209326 0.355089 0.435585 
d_416 d416 0.161402 0.298632 0.539966 
d_417 d417 0.184434 0.371350 0.444216 
d_418 d418 0.251807 0.343116 0.405076 
d_419 d419 0.279548 0.383472 0.336980 
d_420 d420 0.158114 0.329757 0.512128 
d_421 d421 0.230959 0.444239 0.324802 
d_422 d422 0.080020 0.536862 0.383117 
d_423 d423 0.401990 0.320850 0.277159 
d_424 d424 0.270002 0.248289 0.481709 
d_425 d425 0.139672 0.349607 0.510721 
d_426 d426 0.180384 0.356864 0.462752 
d_427 d427 0.340652 0.326538 0.332811 
d_428 d428 0.163276 0.367345 0.469379 
d_429 d429 0.340317 0.310985 0.348698 
d_430 d430 0.351516 0.269693 0.378791 
d_431 d431 0.213081 0.450653 0.336266 
d_432 d432 0.205864 0.459644 0.334492 
d_433 d433 0.280994 0.381934 0.337072 
d_434 d434 0.181362 0.409319 0.409319 
d_435 d435 0.388392 0.333333 0.278275 
d_436 d436 0.244288 0.300064 0.455649 
d_437 d437 0.184375 0.410140 0.405485 
d_438 d438 0.135569 0.374909 0.489522 
d_439 d439 0.236887 0.254692 0.508421 
d_440 d440 0.333333 0.291891 0.374776 
d_441 d441 0.126930 0.595698 0.277372 
d_442 d442 0.215975 0.501903 0.282122 
d_443 d443 0.148745 0.478728 0.372527 
d_444 d444 0.198415 0.314782 0.486803 
d_445 d445 0.318348 0.336330 0.345322 
d_446 d446 0.507041 0.246479 0.246479 
d_447 d447 0.122044 0.303149 0.574806 
d_448 d448 0.329960 0.421030 0.249009 
d_449 d449 0.267020 0.398577 0.334403 
d_450 d450 0.179464 0.401391 0.419145 
d_451 d451 0.313471 0.259844 0.426685 
d_452 d452 0.352429 0.316625 0.330946 
d_453 d453 0.299781 0.352906 0.347313 
d_454 d454 0.289348 0.421304 0.289348 
d_455 d455 0.301342 0.393143 0.305515 
d_456 d456 0.144224 0.401190 0.454586 
d_457 d457 0.362802 0.265840 0.371358 
d_458 d458 0.254700 0.294017 0.451283 
d_459 d459 0.183843 0.296513 0.519644 
d_460 d460 0.244549 0.369892 0.385559 
d_461 d461 0.261682 0.325711 0.412608 
d_462 d462 0.158548 0.343264 0.498188 
d_463 d463 0.244403 0.352056 0.403542 
d_464 d464 0.314313 0.397710 0.287977 
d_465 d465 0.325965 0.373335 0.300700 
d_466 d466 0.090805 0.591554 0.317640 
d_467 d467 0.398397 0.351407 0.250196 
d_468 d468 0.333333 0.308031 0.358636 
d_469 d469 0.184701 0.349489 0.465810 
d_470 d470 0.159705 0.420148 0.420148 
d_471 d471 0.228787 0.380854 0.390359 
d_472 d472 0.171863 0.567956 0.260181 
d_473 d473 0.257858 0.286161 0.455980 
d_474 d474 0.216711 0.326943 0.456346 
d_475 d475 0.177216 0.274421 0.548363 
d_476 d476 0.286359 0.364238 0.349404 
d_477 d477 0.226367 0.170210 0.603423 
d_478 d478 0.113771 0.457512 0.428717 
d_479 d479 0.382489 0.309964 0.307547 
d_480 d480 0.206508 0.437289 0.356204 
d_481 d481 0.169225 0.435660 0.395115 
d_482 d482 0.360180 0.351551 0.288269 
d_483 d483 0.371446 0.316564 0.311990 
d_484 d484 0.132272 0.376711 0.491017 
d_485 d485 0.185002 0.413316 0.401682 
d_486 d486 0.057328 0.363581 0.579092 
d_487 d487 0.431055 0.335872 0.233073 
d_488 d488 0.136001 0.340642 0.523357 
d_489 d489 0.174171 0.412914 0.412914 
d_490 d490 0.131899 0.360802 0.507299 
d_491 d491 0.166484 0.460556 0.372960 
d_492 d492 0.252582 0.443590 0.303828 
d_493 d493 0.362251 0.387553 0.250196 
d_494 d494 0.099415 0.422034 0.478551 
d_495 d495 0.271884 0.344177 0.383939 
d_496 d496 0.178875 0.286528 0.534597 
d_497 d497 0.452958 0.219690 0.327352 
d_498 d498 0.130445 0.373911 0.495644 
d_499 d499 0.130125 0.434937 0.434937 
d_500 d500 0.195662 0.343724 0.460614 
d_501 d501 0.213813 0.397632 0.388555 
d_502 d502 0.359725 0.351242 0.289033 
d_503 d503 0.178550 0.435425 0.386026 
d_504 d504 0.422695 0.272883 0.304422 
d_505 d505 0.298915 0.347674 0.353411 
d_506 d506 0.240955 0.333333 0.425712 
d_507 d507 0.270103 0.317526 0.412372 
d_508 d508 0.441996 0.272965 0.285039 
d_509 d509 0.336673 0.366725 0.296602 
d_510 d510 0.125767 0.391829 0.482404 
d_511 d511 0.304997 0.368754 0.326249 
d_512 d512 0.202269 0.370780 0.426951 
d_513 d513 0.146764 0.337969 0.515267 
d_514 d514 0.235060 0.392851 0.372089 
d_515 d515 0.173132 0.399702 0.427166 
d_516 d516 0.308733 0.340820 0.350447 
d_517 d517 0.246282 0.364423 0.389295 
d_518 d518 0.334779 0.339114 0.326107 
d_519 d519 0.256203 0.541586 0.202211 
d_520 d520 0.234932 0.424247 0.340820 
d_521 d521 0.183830 0.414616 0.401553 
d_522 d522 0.300662 0.235321 0.464017 
d_523 d523 0.495543 0.226088 0.278370 
d_524 d524 0.261405 0.454567 0.284028 
d_525 d525 0.265174 0.318056 0.416769 
d_526 d526 0.328259 0.265989 0.405752 
d_527 d527 0.218241 0.441656 0.340103 
d_528 d528 0.300098 0.449656 0.250245 
d_529 d529 0.161617 0.374939 0.463444 
d_530 d530 0.262781 0.400526 0.336693 
d_531 d531 0.250917 0.455953 0.293130 
d_532 d532 0.364143 0.328593 0.307264 
d_533 d533 0.194461 0.350094 0.455445 
d_534 d534 0.218666 0.427680 0.353654 
d_535 d535 0.180512 0.404242 0.415245 
d_536 d536 0.392404 0.272599 0.334997 
d_537 d537 0.287876 0.262755 0.449369 
d_538 d538 0.409388 0.303820 0.286793 
d_539 d539 0.108280 0.365734 0.525986 
d_540 d540 0.164349 0.567312 0.268339 
d_541 d541 0.218268 0.248100 0.533632 
d_542 d542 0.316189 0.398480 0.285331 
d_543 d543 0.361296 0.341558 0.297146 
d_544 d544 0.235491 0.439415 0.325094 
d_545 d545 0.434273 0.275875 0.289852 
d_546 d546 0.215312 0.350415 0.434273 
d_547 d547 0.303410 0.308134 0.388456 
d_548 d548 0.199124 0.288597 0.512279 
d_549 d549 0.228273 0.491589 0.280138 
d_550 d550 0.121365 0.356161 0.522474 
d_551 d551 0.280087 0.424851 0.295062 
d_552 d552 0.184123 0.277170 0.538707 
d_553 d553 0.141921 0.356876 0.501203 
d_554 d554 0.277296 0.349713 0.372990 
d_555 d555 0.474907 0.262547 0.262547 
d_556 d556 0.295617 0.371050 0.333333 
d_557 d557 0.078642 0.278237 0.643121 
d_558 d558 0.214320 0.415875 0.369805 
d_559 d559 0.202226 0.394314 0.403461 
d_560 d560 0.219712 0.433428 0.346860 
d_561 d561 0.159315 0.360868 0.479817 
d_562 d562 0.190330 0.374191 0.435478 
d_563 d563 0.163338 0.494829 0.341833 
d_564 d564 0.297014 0.416107 0.286879 
d_565 d565 0.328812 0.293549 0.377639 
d_566 d566 0.210968 0.254352 0.534679 
d_567 d567 0.181841 0.344593 0.473566 
d_568 d568 0.378099 0.322353 0.299548 
d_569 d569 0.184487 0.348293 0.467220 
d_570 d570 0.401606 0.211212 0.387182 
d_571 d571 0.207308 0.514665 0.278027 
d_572 d572 0.156916 0.290823 0.552261 
d_573 d573 0.379338 0.379338 0.241324 
d_574 d574 0.275793 0.312939 0.411268 
d_575 d575 0.264665 0.366217 0.369118 
d_576 d576 0.267003 0.346599 0.386397 
d_577 d577 0.175513 0.454606 0.369881 
d_578 d578 0.217295 0.507391 0.275314 
d_579 d579 0.260764 0.297934 0.441303 
d_580 d580 0.318763 0.434002 0.247235 
d_581 d581 0.125412 0.320148 0.554440 
d_582 d582 0.245713 0.304630 0.449656 
d_583 d583 0.402905 0.340290 0.256805 
d_584 d584 0.406333 0.285884 0.307784 
d_585 d585 0.419276 0.389140 0.191584 
d_586 d586 0.176185 0.231901 0.591914 
d_587 d587 0.202518 0.448255 0.349227 
d_588 d588 0.272133 0.401488 0.326379 
d_589 d589 0.465445 0.222530 0.312025 
d_590 d590 0.327597 0.373488 0.298915 
d_591 d591 0.230722 0.465043 0.304235 
d_592 d592 0.247535 0.411176 0.341288 
d_593 d593 0.153741 0.491186 0.355073 
d_594 d594 0.217980 0.446780 0.335240 
d_595 d595 0.181839 0.330628 0.487533 
d_596 d596 0.335100 0.351003 0.313897 
d_597 d597 0.161755 0.390188 0.448057 
d_598 d598 0.238890 0.375495 0.385614 
d_599 d599 0.112958 0.464785 0.422257 
d_600 d600 0.406146 0.361174 0.232680 
d_601 d601 0.078548 0.409633 0.511820 
d_602 d602 0.224735 0.555393 0.219872 
d_603 d603 0.159088 0.474162 0.366750 
d_604 d604 0.116933 0.487905 0.395162 
d_605 d605 0.210411 0.383413 0.406176 
d_606 d606 0.345296 0.384772 0.269932 
d_607 d607 0.219249 0.397658 0.383094 
d_608 d608 0.133324 0.317948 0.548728 
d_609 d609 0.249675 0.351062 0.399263 
d_610 d610 0.370149 0.307036 0.322815 
d_611 d611 0.260889 0.356304 0.382808 
d_612 d612 0.358253 0.351753 0.289994 
d_613 d613 0.333333 0.270319 0.396348 
d_614 d614 0.237500 0.415268 0.347233 
d_615 d615 0.197537 0.280396 0.522067 
d_616 d616 0.284272 0.238985 0.476743 
d_617 d617 0.262841 0.389727 0.347432 
d_618 d618 0.201148 0.493558 0.305294 
d_619 d619 0.175214 0.352058 0.472728 
d_620 d620 0.181583 0.314482 0.503935 
d_621 d621 0.204277 0.325852 0.469871 
d_622 d622 0.195427 0.454335 0.350238 
d_623 d623 0.116119 0.389614 0.494267 
d_624 d624 0.267652 0.289899 0.442449 
d_625 d625 0.279427 0.343557 0.377016 
d_626 d626 0.272067 0.351242 0.376691 
d_627 d627 0.381323 0.243114 0.375564 
d_628 d628 0.253231 0.377101 0.369668 
d_629 d629 0.415180 0.177313 0.407507 
d_630 d630 0.186744 0.359414 0.453842 
d_631 d631 0.244882 0.386119 0.368999 
d_632 d632 0.203669 0.348507 0.447824 
d_633 d633 0.348113 0.370281 0.281606 
d_634 d634 0.101735 0.591552 0.306713 
d_635 d635 0.125026 0.371509 0.503465 
d_636 d636 0.279172 0.395232 0.325596 
d_637 d637 0.248241 0.336703 0.415055 
d_638 d638 0.474778 0.275872 0.249351 
d_639 d639 0.231934 0.478820 0.289246 
d_640 d640 0.149075 0.345350 0.505574 
d_641 d641 0.325164 0.327207 0.347629 
d_642 d642 0.436242 0.337291 0.226466 
d_643 d643 0.265013 0.374920 0.360067 
d_644 d644 0.181318 0.307331 0.511351 
d_645 d645 0.404468 0.329880 0.265651 
d_646 d646 0.299836 0.391954 0.308210 
d_647 d647 0.169130 0.331215 0.499656 
d_648 d648 0.257794 0.467501 0.274705 
d_649 d649 0.172418 0.314974 0.512609 
d_650 d650 0.239111 0.377965 0.382924 
d_651 d651 0.377756 0.289994 0.332250 
d_652 d652 0.216559 0.450986 0.332455 
d_653 d653 0.219866 0.338141 0.441992 
d_654 d654 0.343986 0.333999 0.322015 
d_655 d655 0.165203 0.355751 0.479046 
d_656 d656 0.240903 0.463070 0.296027 
d_657 d657 0.241204 0.325322 0.433474 
d_658 d658 0.323556 0.390600 0.285844 
d_659 d659 0.314950 0.386645 0.298405 
d_660 d660 0.201630 0.499637 0.298733 
d_661 d661 0.200353 0.338761 0.460886 
d_662 d662 0.232938 0.366155 0.400907 
d_663 d663 0.159564 0.287284 0.553152 
d_664 d664 0.415638 0.289852 0.294510 
d_665 d665 0.289487 0.352124 0.358388 
d_666 d666 0.256832 0.330007 0.413160 
d_667 d667 0.176037 0.560540 0.263424 
d_668 d668 0.214799 0.363255 0.421946 
d_669 d669 0.299117 0.371437 0.329445 
d_670 d670 0.196427 0.331664 0.471909 
d_671 d671 0.288957 0.432326 0.278717 
d_672 d672 0.370428 0.357074 0.272498 
d_673 d673 0.293378 0.332158 0.374464 
d_674 d674 0.308393 0.443073 0.248535 
d_675 d675 0.200897 0.363575 0.435528 
d_676 d676 0.142222 0.390319 0.467459 
d_677 d677 0.235591 0.334949 0.429460 
d_678 d678 0.385472 0.285934 0.328593 
d_679 d679 0.256950 0.379519 0.363531 
d_680 d680 0.192637 0.359451 0.447913 
d_681 d681 0.122743 0.366906 0.510351 
d_682 d682 0.215099 0.418314 0.366587 
d_683 d683 0.251479 0.382268 0.366253 
d_684 d684 0.176770 0.291257 0.531973 
d_685 d685 0.311468 0.449566 0.238967 
d_686 d686 0.166484 0.448042 0.385474 
d_687 d687 0.227188 0.392161 0.380651 
d_688 d688 0.251933 0.360079 0.387988 
d_689 d689 0.253756 0.314330 0.431914 
d_690 d690 0.309173 0.307597 0.383230 
d_691 d691 0.147322 0.354427 0.498250 
d_692 d692 0.350704 0.346982 0.302314 
d_693 d693 0.251385 0.479020 0.269596 
d_694 d694 0.143784 0.502931 0.353286 
d_695 d695 0.116066 0.312542 0.571391 
d_696 d696 0.281110 0.288125 0.430765 
d_697 d697 0.369433 0.427972 0.202595 
d_698 d698 0.306987 0.326747 0.366266 
d_699 d699 0.242204 0.458785 0.299012 
d_700 d700 0.310157 0.435309 0.254534 
d_701 d701 0.257454 0.388784 0.353762 
d_702 d702 0.281401 0.334817 0.383782 
d_703 d703 0.208980 0.436743 0.354277 
d_704 d704 0.242127 0.306508 0.451365 
d_705 d705 0.281606 0.255742 0.462652 
d_706 d706 0.221688 0.300077 0.478235 
d_707 d707 0.267892 0.328299 0.403809 
d_708 d708 0.435940 0.275874 0.288187 
d_709 d709 0.211628 0.477767 0.310605 
d_710 d710 0.175657 0.412171 0.412171 
d_711 d711 0.116846 0.390686 0.492467 
d_712 d712 0.253073 0.295114 0.451812 
d_713 d713 0.355778 0.252907 0.391315 
d_714 d714 0.186053 0.354490 0.459457 
d_715 d715 0.184574 0.432090 0.383336 
d_716 d716 0.188762 0.260303 0.550935 
d_717 d717 0.177642 0.459569 0.362788 
d_718 d718 0.309668 0.316539 0.373793 
d_719 d719 0.252966 0.305281 0.441753 
d_720 d720 0.353858 0.219517 0.426626 
d_721 d721 0.190469 0.319910 0.489621 
d_722 d722 0.387611 0.245132 0.367257 
d_723 d723 0.353688 0.353688 0.292624 
d_724 d724 0.114284 0.422464 0.463253 
d_725 d725 0.262803 0.325965 0.411232 
d_726 d726 0.206647 0.331843 0.461510 
d_727 d727 0.286478 0.484150 0.229373 
d_728 d728 0.215677 0.334923 0.449400 
d_729 d729 0.212181 0.456688 0.331131 
d_730 d730 0.278738 0.471121 0.250141 
d_731 d731 0.235634 0.406164 0.358202 
d_732 d732 0.353712 0.299246 0.347042 
d_733 d733 0.190297 0.383396 0.426307 
d_734 d734 0.217902 0.472900 0.309198 
d_735 d735 0.376493 0.442813 0.180694 
d_736 d736 0.097872 0.302886 0.599242 
d_737 d737 0.546574 0.219274 0.234152 
d_738 d738 0.081186 0.435654 0.483160 
d_739 d739 0.331802 0.322613 0.345585 
d_740 d740 0.336058 0.327883 0.336058 
d_741 d741 0.297878 0.391731 0.310392 
d_742 d742 0.178545 0.529847 0.291608 
d_743 d743 0.168517 0.482785 0.348698 
d_744 d744 0.236796 0.307090 0.456113 
d_745 d745 0.195917 0.474721 0.329362 
d_746 d746 0.179241 0.442383 0.378376 
d_747 d747 0.253506 0.436443 0.310050 
d_748 d748 0.208980 0.362131 0.428889 
d_749 d749 0.108785 0.378243 0.512972 
d_750 d750 0.375442 0.330326 0.294233 
d_751 d751 0.085773 0.504553 0.409673 
d_752 d752 0.288052 0.198784 0.513164 
d_753 d753 0.253059 0.325596 0.421345 
d_754 d754 0.196247 0.347941 0.455812 
d_755 d755 0.126429 0.385059 0.488512 
d_756 d756 0.173967 0.337612 0.488422 
d_757 d757 0.279431 0.255347 0.465222 
d_758 d758 0.232420 0.303332 0.464248 
d_759 d759 0.124022 0.360168 0.515810 
d_760 d760 0.166921 0.516153 0.316926 
d_761 d761 0.164900 0.464117 0.370983 
d_762 d762 0.131578 0.524608 0.343814 
d_763 d763 0.128224 0.357607 0.514170 
d_764 d764 0.170339 0.429923 0.399738 
d_765 d765 0.166465 0.394326 0.439208 
d_766 d766 0.137548 0.308127 0.554325 
d_767 d767 0.196893 0.487914 0.315194 
d_768 d768 0.142028 0.340587 0.517385 
d_769 d769 0.363909 0.314224 0.321868 
d_770 d770 0.214611 0.299829 0.485560 
d_771 d771 0.160946 0.357528 0.481526 
d_772 d772 0.261138 0.309268 0.429593 
d_773 d773 0.306262 0.337314 0.356423 
d_774 d774 0.172033 0.413983 0.413983 
d_775 d775 0.250167 0.416500 0.333333 
d_776 d776 0.306050 0.274568 0.419382 
d_777 d777 0.292449 0.304714 0.402837 
d_778 d778 0.219897 0.348980 0.431123 
d_779 d779 0.162224 0.418888 0.418888 
d_780 d780 0.240302 0.265221 0.494476 
d_781 d781 0.156461 0.264596 0.578943 
d_782 d782 0.396849 0.239928 0.363223 
d_783 d783 0.057371 0.480652 0.461977 
d_784 d784 0.315572 0.350322 0.334106 
d_785 d785 0.219315 0.326465 0.454221 
d_786 d786 0.177134 0.378891 0.443974 
d_787 d787 0.141555 0.443346 0.415099 
d_788 d788 0.194270 0.399445 0.406284 
d_789 d789 0.206820 0.449003 0.344177 
d_790 d790 0.330888 0.242863 0.426249 
d_791 d791 0.110316 0.366996 0.522687 
d_792 d792 0.291359 0.389908 0.318733 
d_793 d793 0.224151 0.374823 0.401026 
d_794 d794 0.216817 0.379940 0.403243 
d_795 d795 0.218925 0.364291 0.416784 
d_796 d796 0.317381 0.357875 0.324744 
d_797 d797 0.243025 0.325728 0.431247 
d_798 d798 0.366030 0.372794 0.261176 
d_799 d799 0.089324 0.398936 0.511740 
d_800 d800 0.181845 0.370022 0.448133 
d_801 d801 0.234046 0.299034 0.466919 
d_802 d802 0.146339 0.316637 0.537023 
d_803 d803 0.317449 0.369246 0.313305 
d_804 d804 0.295356 0.366564 0.338081 
d_805 d805 0.246282 0.327115 0.426602 
d_806 d806 0.197416 0.388707 0.413877 
d_807 d807 0.087062 0.319839 0.593099 
d_808 d808 0.254957 0.447762 0.297280 
d_809 d809 0.168855 0.304152 0.526993 
d_810 d810 0.261487 0.292775 0.445738 
d_811 d811 0.097696 0.435362 0.466942 
d_812 d812 0.196282 0.342832 0.460886 
d_813 d813 0.187138 0.343443 0.469419 
d_814 d814 0.321882 0.356236 0.321882 
d_815 d815 0.223121 0.365817 0.411062 
d_816 d816 0.308968 0.251761 0.439271 
d_817 d817 0.154135 0.328490 0.517375 
d_818 d818 0.354514 0.381747 0.263739 
d_819 d819 0.162698 0.389492 0.447810 
d_820 d820 0.200186 0.369841 0.429972 
d_821 d821 0.307480 0.370938 0.321582 
d_822 d822 0.116825 0.290805 0.592371 
d_823 d823 0.230729 0.456718 0.312553 
d_824 d824 0.344650 0.264022 0.391329 
d_825 d825 0.383027 0.322463 0.294510 
d_826 d826 0.304576 0.313203 0.382221 
d_827 d827 0.300847 0.238195 0.460958 
d_828 d828 0.087152 0.337729 0.575118 
d_829 d829 0.103685 0.327445 0.568870 
d_830 d830 0.254242 0.323128 0.422630 
d_831 d831 0.237007 0.457682 0.305311 
d_832 d832 0.157376 0.450864 0.391759 
d_833 d833 0.273313 0.289201 0.437486 
d_834 d834 0.311665 0.445615 0.242720 
d_835 d835 0.124677 0.485596 0.389727 
d_836 d836 0.252403 0.278416 0.469181 
d_837 d837 0.250167 0.367216 0.382617 
d_838 d838 0.142804 0.494121 0.363074 
d_839 d839 0.195183 0.363898 0.440919 
d_840 d840 0.248922 0.237912 0.513166 
d_841 d841 0.212510 0.346345 0.441145 
d_842 d842 0.332462 0.301102 0.366436 
d_843 d843 0.209084 0.367960 0.422955 
d_844 d844 0.219514 0.276031 0.504455 
d_845 d845 0.152852 0.575623 0.271525 
d_846 d846 0.223562 0.550283 0.226155 
d_847 d847 0.197262 0.425960 0.376778 
d_848 d848 0.162270 0.352473 0.485256 
d_849 d849 0.223422 0.402221 0.374357 
d_850 d850 0.137149 0.381183 0.481668 
d_851 d851 0.262574 0.460699 0.276726 
d_852 d852 0.484364 0.277017 0.238619 
d_853 d853 0.229112 0.373148 0.397740 
d_854 d854 0.219518 0.466521 0.313961 
d_855 d855 0.349406 0.349406 0.301188 
d_856 d856 0.237171 0.363056 0.399773 
d_857 d857 0.247188 0.433836 0.318976 
d_858 d858 0.033968 0.470504 0.495528 
d_859 d859 0.121151 0.428296 0.450553 
d_860 d860 0.229266 0.293991 0.476743 
d_861 d861 0.261742 0.404925 0.333333 
d_862 d862 0.191448 0.531973 0.276579 
d_863 d863 0.159968 0.430762 0.409270 
d_864 d864 0.259844 0.384974 0.355181 
d_865 d865 0.240880 0.340267 0.418853 
d_866 d866 0.235711 0.348090 0.416198 
d_867 d867 0.297287 0.383243 0.319469 
d_868 d868 0.385971 0.262387 0.351642 
d_869 d869 0.090272 0.414697 0.495031 
d_870 d870 0.176108 0.365751 0.458141 
d_871 d871 0.144313 0.340261 0.515426 
d_872 d872 0.170816 0.351391 0.477794 
d_873 d873 0.134810 0.410261 0.454929 
d_874 d874 0.163411 0.432919 0.403670 
d_875 d875 0.134767 0.509836 0.355396 
d_876 d876 0.279759 0.401006 0.319235 
d_877 d877 0.324434 0.304411 0.371155 
d_878 d878 0.210609 0.381003 0.408388 
d_879 d879 0.117096 0.395115 0.487788 
d_880 d880 0.329908 0.478894 0.191198 
d_881 d881 0.324541 0.291571 0.383888 
d_882 d882 0.300920 0.409600 0.289480 
d_883 d883 0.117713 0.346017 0.536270 
d_884 d884 0.149872 0.344369 0.505759 
d_885 d885 0.229729 0.341967 0.428304 
d_886 d886 0.125905 0.518744 0.355351 
d_887 d887 0.442351 0.207726 0.349923 
d_888 d888 0.299271 0.390978 0.309752 
d_889 d889 0.191109 0.327966 0.480925 
d_890 d890 0.307738 0.326935 0.365327 
d_891 d891 0.154145 0.425487 0.420368 
d_892 d892 0.214303 0.416264 0.369433 
d_893 d893 0.191612 0.284617 0.523772 
d_894 d894 0.281146 0.328479 0.390376 
d_895 d895 0.231663 0.374831 0.393506 
d_896 d896 0.234862 0.319266 0.445872 
d_897 d897 0.175256 0.388176 0.436567 
d_898 d898 0.116485 0.279121 0.604394 
d_899 d899 0.374253 0.271135 0.354612 
d_900 d900 0.233100 0.339028 0.427872 
d_901 d901 0.411140 0.314356 0.274504 
d_902 d902 0.309262 0.355216 0.335522 
d_903 d903 0.125936 0.464685 0.409379 
d_904 d904 0.108448 0.454653 0.436899 
d_905 d905 0.214516 0.345215 0.440269 
d_906 d906 0.092816 0.385777 0.521407 
d_907 d907 0.278433 0.423758 0.297809 
d_908 d908 0.292802 0.400366 0.306832 
d_909 d909 0.313897 0.292694 0.393409 
d_910 d910 0.274438 0.316011 0.409550 
d_911 d911 0.172505 0.406048 0.421447 
d_912 d912 0.316894 0.265523 0.417583 
d_913 d913 0.294224 0.352888 0.352888 
d_914 d914 0.205861 0.316249 0.477889 
d_915 d915 0.253027 0.290671 0.456302 
d_916 d916 0.119709 0.385553 0.494739 
d_917 d917 0.235309 0.446210 0.318481 
d_918 d918 0.402984 0.343729 0.253288 
d_919 d919 0.115045 0.415826 0.469129 
d_920 d920 0.411195 0.265853 0.322952 
d_921 d921 0.225093 0.363967 0.410940 
d_922 d922 0.121894 0.470769 0.407337 
d_923 d923 0.131866 0.345184 0.522950 
d_924 d924 0.352342 0.339669 0.307989 
d_925 d925 0.149393 0.404436 0.446170 
d_926 d926 0.120542 0.605763 0.273695 
d_927 d927 0.189630 0.439220 0.371150 
d_928 d928 0.162393 0.338870 0.498737 
d_929 d929 0.160748 0.432902 0.406350 
d_930 d930 0.174362 0.347785 0.477852 
d_931 d931 0.264362 0.316091 0.419547 
d_932 d932 0.284549 0.408034 0.307417 
d_933 d933 0.198330 0.354334 0.447336 
d_934 d934 0.211344 0.325063 0.463593 
d_935 d935 0.314882 0.410089 0.275029 
d_936 d936 0.081713 0.409076 0.509211 
d_937 d937 0.142184 0.424752 0.433063 
d_938 d938 0.148593 0.318554 0.532853 
d_939 d939 0.262211 0.323173 0.414616 
d_940 d940 0.176941 0.416985 0.406074 
d_941 d941 0.250875 0.357304 0.391821 
d_942 d942 0.151686 0.359001 0.489313 
d_943 d943 0.130259 0.322206 0.547535 
d_944 d944 0.148848 0.290992 0.560159 
d_945 d945 0.272183 0.394484 0.333333 
d_946 d946 0.200262 0.475478 0.324260 
d_947 d947 0.351273 0.479090 0.169638 
d_948 d948 0.153995 0.348278 0.497727 
d_949 d949 0.125025 0.342284 0.532691 
d_950 d950 0.204572 0.418985 0.376443 
d_951 d951 0.263509 0.303076 0.433415 
d_952 d952 0.211823 0.449057 0.339120 
d_953 d953 0.161223 0.290306 0.548471 
d_954 d954 0.355938 0.364076 0.279986 
d_955 d955 0.100244 0.270336 0.629420 
d_956 d956 0.261539 0.366686 0.371774 
d_957 d957 0.175513 0.419719 0.404768 
d_958 d958 0.300083 0.269391 0.430526 
d_959 d959 0.094568 0.323333 0.582099 
d_960 d960 0.437289 0.278237 0.284474 
d_961 d961 0.213479 0.343157 0.443364 
d_962 d962 0.368918 0.350512 0.280569 
d_963 d963 0.300847 0.324553 0.374599 
d_964 d964 0.294637 0.236592 0.468771 
d_965 d965 0.148724 0.373809 0.477467 
d_966 d966 0.419191 0.369433 0.211376 
d_967 d967 0.385299 0.350655 0.264045 
d_968 d968 0.362789 0.400346 0.236864 
d_969 d969 0.276396 0.395222 0.328382 
d_970 d970 0.221309 0.373400 0.405290 
d_971 d971 0.379143 0.275422 0.345434 
d_972 d972 0.152837 0.635787 0.211376 
d_973 d973 0.221164 0.331553 0.447283 
d_974 d974 0.368321 0.320213 0.311466 
d_975 d975 0.260678 0.298519 0.440803 
d_976 d976 0.427731 0.386689 0.185580 
d_977 d977 0.274423 0.329125 0.396451 
d_978 d978 0.275562 0.475771 0.248668 
d_979 d979 0.180064 0.375727 0.444209 
d_980 d980 0.099542 0.334363 0.566095 
d_981 d981 0.352010 0.395305 0.252685 
d_982 d982 0.181853 0.399799 0.418348 
d_983 d983 0.169573 0.293331 0.537096 
d_984 d984 0.405838 0.304582 0.289581 
d_985 d985 0.137693 0.420726 0.441581 
d_986 d986 0.261649 0.268700 0.469652 
d_987 d987 0.267984 0.282836 0.449181 
d_988 d988 0.202386 0.334230 0.463384 
d_989 d989 0.300544 0.242417 0.457039 
d_990 d990 0.156842 0.396870 0.446288 
d_991 d991 0.284960 0.379732 0.335308 
d_992 d992 0.235433 0.400776 0.363791 
d_993 d993 0.283224 0.320806 0.395970 
d_994 d994 0.149213 0.311837 0.538950 
d_995 d995 0.150267 0.300192 0.549541 
d_996 d996 0.262321 0.432359 0.305319 
d_997 d997 0.338220 0.440834 0.220946 
d_998 d998 0.096615 0.367910 0.535474 
d_999 d999 0.238653 0.348719 0.412628 
d_1000 d1000 0.278475 0.300058 0.421467 
d_1001 d1001 0.398702 0.372360 0.228938 
d_1002 d1002 0.209130 0.480119 0.310751 
d_1003 d1003 0.265738 0.379450 0.354812 
d_1004 d1004 0.331416 0.256628 0.411956 
d_1005 d1005 0.377058 0.468035 0.154907 
d_1006 d1006 0.253399 0.511447 0.235154 
d_1007 d1007 0.260495 0.502633 0.236872 
d_1008 d1008 0.454618 0.329357 0.216025 
d_1009 d1009 0.231340 0.334658 0.434002 
d_1010 d1010 0.402500 0.331172 0.266328 
d_1011 d1011 0.119691 0.601913 0.278397 
d_1012 d1012 0.366155 0.447244 0.186601 
d_1013 d1013 0.247504 0.443418 0.309077 
d_1014 d1014 0.301566 0.337781 0.360653 
d_1015 d1015 0.227513 0.572882 0.199605 
d_1016 d1016 0.527558 0.271999 0.200443 
d_1017 d1017 0.106800 0.566457 0.326743 
d_1018 d1018 0.283072 0.433855 0.283072 
d_1019 d1019 0.496187 0.317277 0.186536 
d_1020 d1020 0.378221 0.286651 0.335129 
d_1021 d1021 0.126648 0.633672 0.239679 
d_1022 d1022 0.389452 0.324700 0.285848 
d_1023 d1023 0.237365 0.458003 0.304632 
d_1024 d1024 0.330341 0.307902 0.361756 
d_1025 d1025 0.310623 0.355261 0.334116 
d_1026 d1026 0.327883 0.511820 0.160297 
d_1027 d1027 0.218328 0.495909 0.285763 
d_1028 d1028 0.101399 0.432120 0.466481 
