d_0 d0 0.079490 0.427430 0.493079 
d_1 d1 0.133826 0.382563 0.483612 
d_2 d2 0.158149 0.418856 0.422995 
d_3 d3 0.409076 0.366712 0.224212 
d_4 d4 0.137116 0.336177 0.526707 
d_5 d5 0.081634 0.373837 0.544530 
d_6 d6 0.134005 0.390284 0.475710 
d_7 d7 0.380546 0.232470 0.386984 
d_8 d8 0.200211 0.353626 0.446163 
d_9 d9 0.241921 0.362585 0.395493 
d_10 d10 0.261727 0.383783 0.354490 
d_11 d11 0.392161 0.257881 0.349958 
d_12 d12 0.398368 0.184858 0.416774 
d_13 d13 0.100344 0.363592 0.536064 
d_14 d14 0.178970 0.301669 0.519361 
d_15 d15 0.139496 0.266792 0.593712 
d_16 d16 0.168670 0.310280 0.521049 
d_17 d17 0.132922 0.409489 0.457588 
d_18 d18 0.319292 0.455028 0.225681 
d_19 d19 0.179999 0.492454 0.327547 
d_20 d20 0.157774 0.350797 0.491429 
d_21 d21 0.149203 0.394326 0.456470 
d_22 d22 0.111947 0.298435 0.589618 
d_23 d23 0.176812 0.421155 0.402033 
d_24 d24 0.211849 0.417844 0.370307 
d_25 d25 0.189431 0.534071 0.276498 
d_26 d26 0.206945 0.365237 0.427818 
d_27 d27 0.222338 0.315638 0.462023 
d_28 d28 0.263132 0.373976 0.362892 
d_29 d29 0.279720 0.384885 0.335395 
d_30 d30 0.262906 0.381224 0.355870 
d_31 d31 0.161854 0.395690 0.442457 
d_32 d32 0.224915 0.389091 0.385993 
d_33 d33 0.360333 0.331173 0.308494 
d_34 d34 0.295294 0.306338 0.398368 
d_35 d35 0.352897 0.397779 0.249324 
d_36 d36 0.218088 0.358726 0.423186 
d_37 d37 0.301826 0.256316 0.441858 
d_38 d38 0.088185 0.318741 0.593074 
d_39 d39 0.096339 0.469366 0.434295 
d_40 d40 0.161620 0.391345 0.447036 
d_41 d41 0.326104 0.373095 0.300801 
d_42 d42 0.379586 0.394587 0.225827 
d_43 d43 0.236165 0.392582 0.371253 
d_44 d44 0.371996 0.333333 0.294671 
d_45 d45 0.314920 0.328730 0.356350 
d_46 d46 0.265111 0.290070 0.444819 
d_47 d47 0.126125 0.394620 0.479255 
d_48 d48 0.181014 0.397954 0.421032 
d_49 d49 0.345489 0.348804 0.305707 
d_50 d50 0.264320 0.365958 0.369722 
d_51 d51 0.391491 0.304254 0.304254 
d_52 d52 0.367819 0.297280 0.334901 
d_53 d53 0.163741 0.409681 0.426578 
d_54 d54 0.367291 0.349463 0.283246 
d_55 d55 0.259481 0.370259 0.370259 
d_56 d56 0.159089 0.321619 0.519291 
d_57 d57 0.350401 0.319679 0.329920 
d_58 d58 0.250421 0.382563 0.367016 
d_59 d59 0.419055 0.435128 0.145817 
d_60 d60 0.248163 0.417130 0.334707 
d_61 d61 0.277152 0.388923 0.333925 
d_62 d62 0.113001 0.356864 0.530135 
d_63 d63 0.296360 0.277873 0.425767 
d_64 d64 0.110835 0.355820 0.533345 
d_65 d65 0.198916 0.384707 0.416376 
d_66 d66 0.265568 0.280969 0.453463 
d_67 d67 0.110483 0.446422 0.443096 
d_68 d68 0.418567 0.218268 0.363165 
d_69 d69 0.188467 0.337072 0.474461 
d_70 d70 0.284211 0.330401 0.385388 
d_71 d71 0.317962 0.288123 0.393915 
d_72 d72 0.154618 0.414136 0.431247 
d_73 d73 0.235975 0.397609 0.366416 
d_74 d74 0.197084 0.299271 0.503645 
d_75 d75 0.197279 0.557735 0.244986 
d_76 d76 0.290658 0.301791 0.407552 
d_77 d77 0.329162 0.304135 0.366703 
d_78 d78 0.085981 0.370022 0.543997 
d_79 d79 0.269514 0.352599 0.377886 
d_80 d80 0.170663 0.327675 0.501662 
d_81 d81 0.152229 0.363517 0.484254 
d_82 d82 0.211748 0.376145 0.412107 
d_83 d83 0.305788 0.310379 0.383833 
d_84 d84 0.145577 0.392007 0.462416 
d_85 d85 0.317687 0.251190 0.431123 
d_86 d86 0.107749 0.565273 0.326979 
d_87 d87 0.091747 0.395135 0.513119 
d_88 d88 0.374847 0.403151 0.222002 
d_89 d89 0.276353 0.485668 0.237979 
d_90 d90 0.282557 0.471766 0.245677 
d_91 d91 0.112348 0.368820 0.518832 
d_92 d92 0.308610 0.334570 0.356821 
d_93 d93 0.179464 0.339251 0.481284 
d_94 d94 0.347533 0.447944 0.204524 
d_95 d95 0.386119 0.321920 0.291961 
d_96 d96 0.197803 0.390399 0.411798 
d_97 d97 0.327626 0.358065 0.314309 
d_98 d98 0.141151 0.314675 0.544174 
d_99 d99 0.384509 0.291753 0.323738 
d_100 d100 0.207121 0.426077 0.366802 
d_101 d101 0.305454 0.251495 0.443050 
d_102 d102 0.285840 0.338761 0.375399 
d_103 d103 0.240754 0.414340 0.344906 
d_104 d104 0.312594 0.312594 0.374813 
d_105 d105 0.245486 0.421181 0.333333 
d_106 d106 0.190221 0.369112 0.440668 
d_107 d107 0.324725 0.425775 0.249499 
d_108 d108 0.201846 0.421835 0.376320 
d_109 d109 0.187180 0.314920 0.497900 
d_110 d110 0.205321 0.403340 0.391339 
d_111 d111 0.136784 0.300042 0.563174 
d_112 d112 0.084393 0.354794 0.560813 
d_113 d113 0.401116 0.238438 0.360446 
d_114 d114 0.328151 0.265967 0.405882 
d_115 d115 0.257586 0.308986 0.433428 
d_116 d116 0.501497 0.272183 0.226320 
d_117 d117 0.105790 0.325993 0.568217 
d_118 d118 0.383472 0.298692 0.317836 
d_119 d119 0.309866 0.326112 0.364022 
d_120 d120 0.210454 0.547899 0.241647 
d_121 d121 0.348014 0.265437 0.386549 
d_122 d122 0.266741 0.341871 0.391388 
d_123 d123 0.151390 0.290671 0.557940 
d_124 d124 0.315395 0.326158 0.358447 
d_125 d125 0.308568 0.319182 0.372251 
d_126 d126 0.210614 0.310727 0.478659 
d_127 d127 0.165938 0.431611 0.402452 
d_128 d128 0.292694 0.271490 0.435816 
d_129 d129 0.226381 0.265785 0.507834 
d_130 d130 0.168197 0.301791 0.530012 
d_131 d131 0.120034 0.339376 0.540590 
d_132 d132 0.209769 0.360363 0.429868 
d_133 d133 0.160641 0.291584 0.547775 
d_134 d134 0.159149 0.380129 0.460722 
d_135 d135 0.181539 0.502986 0.315475 
d_136 d136 0.110891 0.540695 0.348414 
d_137 d137 0.067307 0.373976 0.558717 
d_138 d138 0.120035 0.478908 0.401057 
d_139 d139 0.170265 0.422355 0.407380 
d_140 d140 0.177308 0.341135 0.481557 
d_141 d141 0.115887 0.365611 0.518503 
d_142 d142 0.468407 0.265796 0.265796 
d_143 d143 0.103022 0.441533 0.455445 
d_144 d144 0.097919 0.312016 0.590064 
d_145 d145 0.264825 0.342231 0.392945 
d_146 d146 0.191808 0.360514 0.447678 
d_147 d147 0.258208 0.351871 0.389921 
d_148 d148 0.094574 0.426293 0.479133 
d_149 d149 0.158393 0.429550 0.412056 
d_150 d150 0.135208 0.266112 0.598679 
d_151 d151 0.249228 0.300480 0.450292 
d_152 d152 0.272205 0.316217 0.411578 
d_153 d153 0.278534 0.340183 0.381283 
d_154 d154 0.160887 0.303212 0.535901 
d_155 d155 0.319188 0.302214 0.378598 
d_156 d156 0.343193 0.423481 0.233326 
d_157 d157 0.430070 0.323796 0.246134 
d_158 d158 0.162683 0.305728 0.531589 
d_159 d159 0.298917 0.329284 0.371799 
d_160 d160 0.242416 0.263397 0.494187 
d_161 d161 0.169749 0.469519 0.360732 
d_162 d162 0.196110 0.299768 0.504122 
d_163 d163 0.337136 0.325728 0.337136 
d_164 d164 0.349769 0.304254 0.345976 
d_165 d165 0.403151 0.295594 0.301255 
d_166 d166 0.150738 0.481259 0.368003 
d_167 d167 0.456175 0.252403 0.291423 
d_168 d168 0.369881 0.354930 0.275189 
d_169 d169 0.198653 0.374884 0.426463 
d_170 d170 0.267772 0.323548 0.408679 
d_171 d171 0.523611 0.217311 0.259079 
d_172 d172 0.190992 0.442826 0.366181 
d_173 d173 0.219518 0.248577 0.531905 
d_174 d174 0.163578 0.319476 0.516947 
d_175 d175 0.145249 0.351683 0.503068 
d_176 d176 0.243848 0.399843 0.356309 
d_177 d177 0.211734 0.457972 0.330293 
d_178 d178 0.505012 0.234888 0.260100 
d_179 d179 0.175798 0.462862 0.361340 
d_180 d180 0.219432 0.304858 0.475710 
d_181 d181 0.446101 0.294755 0.259144 
d_182 d182 0.260073 0.294497 0.445430 
d_183 d183 0.151947 0.408022 0.440031 
d_184 d184 0.193079 0.412608 0.394314 
d_185 d185 0.234382 0.388746 0.376872 
d_186 d186 0.230103 0.376653 0.393244 
d_187 d187 0.193313 0.473354 0.333333 
d_188 d188 0.234181 0.307746 0.458073 
d_189 d189 0.112205 0.501676 0.386119 
d_190 d190 0.146670 0.333333 0.519996 
d_191 d191 0.287263 0.337828 0.374909 
d_192 d192 0.214464 0.410023 0.375513 
d_193 d193 0.269245 0.407855 0.322900 
d_194 d194 0.515907 0.217522 0.266571 
d_195 d195 0.376037 0.313471 0.310492 
d_196 d196 0.303295 0.250287 0.446418 
d_197 d197 0.384433 0.149010 0.466557 
d_198 d198 0.291324 0.445359 0.263318 
d_199 d199 0.187869 0.382687 0.429443 
d_200 d200 0.109382 0.478756 0.411862 
d_201 d201 0.360203 0.315420 0.324377 
d_202 d202 0.195950 0.364557 0.439493 
d_203 d203 0.352056 0.342694 0.305250 
d_204 d204 0.149610 0.298575 0.551815 
d_205 d205 0.252383 0.244549 0.503068 
d_206 d206 0.291792 0.416417 0.291792 
d_207 d207 0.247793 0.362106 0.390101 
d_208 d208 0.282216 0.351922 0.365863 
d_209 d209 0.137149 0.291465 0.571386 
d_210 d210 0.185952 0.358496 0.455552 
d_211 d211 0.466857 0.274746 0.258396 
d_212 d212 0.108523 0.331016 0.560461 
d_213 d213 0.163219 0.321735 0.515046 
d_214 d214 0.313497 0.328374 0.358129 
d_215 d215 0.279540 0.228192 0.492267 
d_216 d216 0.238985 0.318238 0.442778 
d_217 d217 0.342515 0.207085 0.450400 
d_218 d218 0.387516 0.326561 0.285924 
d_219 d219 0.191453 0.459736 0.348811 
d_220 d220 0.213102 0.344570 0.442328 
d_221 d221 0.357545 0.376493 0.265961 
d_222 d222 0.132412 0.440592 0.426996 
d_223 d223 0.211628 0.453572 0.334800 
d_224 d224 0.282921 0.287009 0.430070 
d_225 d225 0.143787 0.426362 0.429851 
d_226 d226 0.208704 0.413739 0.377557 
d_227 d227 0.266137 0.346773 0.387090 
d_228 d228 0.286968 0.273331 0.439702 
d_229 d229 0.223647 0.368820 0.407533 
d_230 d230 0.135532 0.492084 0.372384 
d_231 d231 0.182595 0.406609 0.410796 
d_232 d232 0.177885 0.535416 0.286699 
d_233 d233 0.398936 0.342080 0.258984 
d_234 d234 0.147185 0.393671 0.459144 
d_235 d235 0.227654 0.291062 0.481284 
d_236 d236 0.254352 0.417876 0.327771 
d_237 d237 0.165978 0.472116 0.361906 
d_238 d238 0.224525 0.418913 0.356562 
d_239 d239 0.389282 0.315849 0.294868 
d_240 d240 0.278701 0.287806 0.433493 
d_241 d241 0.177262 0.346539 0.476199 
d_242 d242 0.309254 0.415202 0.275544 
d_243 d243 0.314372 0.388111 0.297517 
d_244 d244 0.148308 0.355741 0.495951 
d_245 d245 0.159855 0.398643 0.441502 
d_246 d246 0.480770 0.314904 0.204326 
d_247 d247 0.300120 0.344404 0.355476 
d_248 d248 0.151266 0.285946 0.562788 
d_249 d249 0.380095 0.262129 0.357777 
d_250 d250 0.307167 0.331698 0.361135 
d_251 d251 0.392005 0.326328 0.281667 
d_252 d252 0.101591 0.387182 0.511227 
d_253 d253 0.162771 0.409412 0.427818 
d_254 d254 0.252597 0.288121 0.459282 
d_255 d255 0.220456 0.270954 0.508590 
d_256 d256 0.084257 0.380540 0.535203 
d_257 d257 0.352910 0.286839 0.360251 
d_258 d258 0.336483 0.322309 0.341208 
d_259 d259 0.190575 0.288903 0.520522 
d_260 d260 0.138141 0.517682 0.344177 
d_261 d261 0.177118 0.384551 0.438330 
d_262 d262 0.295467 0.382337 0.322196 
d_263 d263 0.145100 0.359204 0.495696 
d_264 d264 0.294561 0.415268 0.290172 
d_265 d265 0.131866 0.366181 0.501953 
d_266 d266 0.315350 0.315350 0.369299 
d_267 d267 0.254692 0.392685 0.352623 
d_268 d268 0.199409 0.413340 0.387251 
d_269 d269 0.154434 0.315274 0.530291 
d_270 d270 0.213081 0.380261 0.406658 
d_271 d271 0.241343 0.312307 0.446350 
d_272 d272 0.227552 0.361813 0.410635 
d_273 d273 0.267405 0.436594 0.296001 
d_274 d274 0.041960 0.491429 0.466612 
d_275 d275 0.528464 0.267128 0.204408 
d_276 d276 0.169228 0.337867 0.492905 
d_277 d277 0.192382 0.358503 0.449115 
d_278 d278 0.198965 0.430255 0.370780 
d_279 d279 0.309300 0.337339 0.353361 
d_280 d280 0.324351 0.310877 0.364773 
d_281 d281 0.122617 0.333915 0.543468 
d_282 d282 0.248146 0.333333 0.418520 
d_283 d283 0.358161 0.322409 0.319430 
d_284 d284 0.146241 0.376405 0.477354 
d_285 d285 0.226850 0.471135 0.302015 
d_286 d286 0.097359 0.472991 0.429649 
d_287 d287 0.237268 0.392450 0.370281 
d_288 d288 0.307380 0.286616 0.406004 
d_289 d289 0.221905 0.384971 0.393124 
d_290 d290 0.380805 0.395047 0.224147 
d_291 d291 0.142735 0.470393 0.386872 
d_292 d292 0.166994 0.324260 0.508745 
d_293 d293 0.232455 0.389377 0.378168 
d_294 d294 0.262115 0.289983 0.447902 
d_295 d295 0.091447 0.409870 0.498682 
d_296 d296 0.110372 0.399830 0.489797 
d_297 d297 0.145822 0.365175 0.489003 
d_298 d298 0.368734 0.258739 0.372527 
d_299 d299 0.089994 0.354895 0.555111 
d_300 d300 0.176033 0.397166 0.426802 
d_301 d301 0.580420 0.285321 0.134258 
d_302 d302 0.047475 0.477641 0.474884 
d_303 d303 0.402616 0.369798 0.227586 
d_304 d304 0.317868 0.298537 0.383594 
d_305 d305 0.284858 0.399668 0.315474 
d_306 d306 0.133021 0.475761 0.391218 
d_307 d307 0.076577 0.417556 0.505867 
d_308 d308 0.290560 0.257197 0.452243 
d_309 d309 0.405031 0.390197 0.204772 
d_310 d310 0.078980 0.304430 0.616591 
d_311 d311 0.394124 0.319030 0.286847 
d_312 d312 0.236450 0.420529 0.343022 
d_313 d313 0.161223 0.243367 0.595410 
d_314 d314 0.244475 0.425204 0.330321 
d_315 d315 0.103885 0.417867 0.478248 
d_316 d316 0.292422 0.404246 0.303332 
d_317 d317 0.160542 0.512042 0.327416 
d_318 d318 0.184046 0.364810 0.451144 
d_319 d319 0.107950 0.451567 0.440483 
d_320 d320 0.175557 0.368530 0.455914 
d_321 d321 0.258655 0.431552 0.309793 
d_322 d322 0.091160 0.388544 0.520296 
d_323 d323 0.131899 0.333333 0.534768 
d_324 d324 0.172124 0.535916 0.291961 
d_325 d325 0.311005 0.381515 0.307480 
d_326 d326 0.283110 0.315864 0.401026 
d_327 d327 0.320500 0.359001 0.320500 
d_328 d328 0.222039 0.457167 0.320793 
d_329 d329 0.211987 0.344365 0.443648 
d_330 d330 0.340967 0.291892 0.367141 
d_331 d331 0.111612 0.475374 0.413015 
d_332 d332 0.120093 0.358129 0.521779 
d_333 d333 0.184027 0.508693 0.307280 
d_334 d334 0.224288 0.431194 0.344517 
d_335 d335 0.097027 0.397609 0.505364 
d_336 d336 0.374227 0.307310 0.318463 
d_337 d337 0.195332 0.338445 0.466224 
d_338 d338 0.196476 0.518494 0.285031 
d_339 d339 0.155154 0.335843 0.509003 
d_340 d340 0.552930 0.194892 0.252178 
d_341 d341 0.118218 0.399302 0.482480 
d_342 d342 0.318033 0.330551 0.351415 
d_343 d343 0.298445 0.438000 0.263556 
d_344 d344 0.213639 0.341208 0.445153 
d_345 d345 0.169669 0.338647 0.491684 
d_346 d346 0.253509 0.433786 0.312705 
d_347 d347 0.186863 0.317313 0.495823 
d_348 d348 0.162393 0.461310 0.376297 
d_349 d349 0.171768 0.466346 0.361886 
d_350 d350 0.151174 0.274399 0.574426 
d_351 d351 0.302758 0.306580 0.390662 
d_352 d352 0.259932 0.403065 0.337003 
d_353 d353 0.222116 0.320571 0.457313 
d_354 d354 0.247190 0.341738 0.411073 
d_355 d355 0.308393 0.256017 0.435590 
d_356 d356 0.276747 0.348857 0.374396 
d_357 d357 0.258379 0.329050 0.412571 
d_358 d358 0.133326 0.399050 0.467624 
d_359 d359 0.238445 0.347418 0.414137 
d_360 d360 0.126731 0.328842 0.544427 
d_361 d361 0.377478 0.321448 0.301074 
d_362 d362 0.356616 0.243528 0.399856 
d_363 d363 0.426090 0.324901 0.249009 
d_364 d364 0.099880 0.360652 0.539468 
d_365 d365 0.064154 0.328439 0.607407 
d_366 d366 0.244956 0.321705 0.433339 
d_367 d367 0.140009 0.374956 0.485035 
d_368 d368 0.223609 0.340697 0.435694 
d_369 d369 0.094705 0.309000 0.596295 
d_370 d370 0.291150 0.386062 0.322788 
d_371 d371 0.121693 0.385498 0.492809 
d_372 d372 0.275874 0.284082 0.440044 
d_373 d373 0.086922 0.417164 0.495914 
d_374 d374 0.176635 0.371552 0.451812 
d_375 d375 0.207250 0.370585 0.422165 
d_376 d376 0.142347 0.394197 0.463456 
d_377 d377 0.295472 0.314403 0.390125 
d_378 d378 0.122842 0.424851 0.452307 
d_379 d379 0.206433 0.251925 0.541642 
d_380 d380 0.175588 0.336396 0.488016 
d_381 d381 0.319674 0.451388 0.228938 
d_382 d382 0.347007 0.300127 0.352866 
d_383 d383 0.315260 0.318875 0.365865 
d_384 d384 0.215144 0.347620 0.437236 
d_385 d385 0.308086 0.244968 0.446946 
d_386 d386 0.245210 0.393417 0.361373 
d_387 d387 0.258444 0.300569 0.440986 
d_388 d388 0.189107 0.405446 0.405446 
d_389 d389 0.150258 0.314652 0.535089 
d_390 d390 0.190659 0.473316 0.336025 
d_391 d391 0.233766 0.372636 0.393598 
d_392 d392 0.203979 0.431464 0.364557 
d_393 d393 0.421403 0.331016 0.247581 
d_394 d394 0.167322 0.384169 0.448509 
d_395 d395 0.432390 0.265486 0.302124 
d_396 d396 0.248335 0.358833 0.392832 
d_397 d397 0.248445 0.283330 0.468225 
d_398 d398 0.209234 0.269459 0.521307 
d_399 d399 0.293136 0.311408 0.395456 
d_400 d400 0.120082 0.530407 0.349511 
d_401 d401 0.170308 0.394468 0.435224 
d_402 d402 0.272805 0.416889 0.310306 
d_403 d403 0.264451 0.281879 0.453670 
d_404 d404 0.228486 0.238164 0.533349 
d_405 d405 0.052520 0.449897 0.497583 
d_406 d406 0.209263 0.437082 0.353655 
d_407 d407 0.439038 0.305353 0.255609 
d_408 d408 0.301669 0.194802 0.503529 
d_409 d409 0.317687 0.462416 0.219897 
d_410 d410 0.495022 0.189610 0.315368 
d_411 d411 0.273716 0.318429 0.407855 
d_412 d412 0.257607 0.426320 0.316072 
d_413 d413 0.112597 0.376859 0.510545 
d_414 d414 0.452428 0.294803 0.252769 
d_415 d415 0.165815 0.344211 0.489974 
d_416 d416 0.135376 0.315194 0.549430 
d_417 d417 0.168594 0.409367 0.422039 
d_418 d418 0.225719 0.356161 0.418121 
d_419 d419 0.290487 0.361594 0.347919 
d_420 d420 0.183146 0.351213 0.465642 
d_421 d421 0.208209 0.447083 0.344708 
d_422 d422 0.075628 0.506113 0.418259 
d_423 d423 0.431118 0.310448 0.258435 
d_424 d424 0.266383 0.246479 0.487138 
d_425 d425 0.142113 0.359372 0.498515 
d_426 d426 0.241350 0.350447 0.408204 
d_427 d427 0.353198 0.353198 0.293604 
d_428 d428 0.159543 0.377299 0.463158 
d_429 d429 0.285844 0.260703 0.453453 
d_430 d430 0.289175 0.304760 0.406065 
d_431 d431 0.301071 0.397859 0.301071 
d_432 d432 0.185005 0.452691 0.362304 
d_433 d433 0.224917 0.412776 0.362307 
d_434 d434 0.246867 0.356915 0.396218 
d_435 d435 0.305804 0.305804 0.388392 
d_436 d436 0.229610 0.308870 0.461520 
d_437 d437 0.147135 0.438070 0.414795 
d_438 d438 0.135569 0.385022 0.479409 
d_439 d439 0.245790 0.254692 0.499518 
d_440 d440 0.358199 0.283603 0.358199 
d_441 d441 0.133471 0.556452 0.310077 
d_442 d442 0.222376 0.499769 0.277855 
d_443 d443 0.160124 0.455971 0.383905 
d_444 d444 0.168058 0.340079 0.491863 
d_445 d445 0.300365 0.366302 0.333333 
d_446 d446 0.466096 0.242757 0.291147 
d_447 d447 0.091860 0.333333 0.574806 
d_448 d448 0.385614 0.380555 0.233831 
d_449 d449 0.254185 0.478796 0.267020 
d_450 d450 0.135079 0.419145 0.445776 
d_451 d451 0.364119 0.241968 0.393912 
d_452 d452 0.323786 0.330946 0.345268 
d_453 d453 0.344517 0.308169 0.347313 
d_454 d454 0.289348 0.428773 0.281879 
d_455 d455 0.259615 0.426525 0.313860 
d_456 d456 0.117526 0.434563 0.447911 
d_457 d457 0.311469 0.328580 0.359951 
d_458 d458 0.297041 0.294017 0.408942 
d_459 d459 0.192680 0.303141 0.504179 
d_460 d460 0.166210 0.409061 0.424729 
d_461 d461 0.243387 0.344005 0.412608 
d_462 d462 0.128755 0.331347 0.539898 
d_463 d463 0.263125 0.272486 0.464389 
d_464 d464 0.342844 0.375764 0.281393 
d_465 d465 0.363861 0.360703 0.275436 
d_466 d466 0.112205 0.604394 0.283401 
d_467 d467 0.416471 0.315260 0.268269 
d_468 d468 0.383939 0.250196 0.365865 
d_469 d469 0.172584 0.364029 0.463387 
d_470 d470 0.136028 0.426912 0.437060 
d_471 d471 0.197106 0.406199 0.396695 
d_472 d472 0.134395 0.629511 0.236094 
d_473 d473 0.247566 0.286161 0.466272 
d_474 d474 0.216711 0.336528 0.446761 
d_475 d475 0.186053 0.258957 0.554991 
d_476 d476 0.297484 0.319735 0.382780 
d_477 d477 0.162187 0.210322 0.627490 
d_478 d478 0.113771 0.441315 0.444914 
d_479 d479 0.389742 0.300294 0.309964 
d_480 d480 0.181558 0.480950 0.337492 
d_481 d481 0.163433 0.458828 0.377739 
d_482 d482 0.360180 0.360180 0.279639 
d_483 d483 0.348578 0.325711 0.325711 
d_484 d484 0.155134 0.397814 0.447053 
d_485 d485 0.147192 0.424950 0.427858 
d_486 d486 0.082849 0.360745 0.556406 
d_487 d487 0.457707 0.320642 0.221651 
d_488 d488 0.161581 0.362568 0.475851 
d_489 d489 0.151350 0.426958 0.421692 
d_490 d490 0.153263 0.394374 0.452363 
d_491 d491 0.160227 0.466813 0.372960 
d_492 d492 0.266558 0.457567 0.275875 
d_493 d493 0.402012 0.329719 0.268269 
d_494 d494 0.097060 0.422034 0.480906 
d_495 d495 0.275499 0.340563 0.383939 
d_496 d496 0.235042 0.291208 0.473750 
d_497 d497 0.431425 0.259166 0.309408 
d_498 d498 0.166249 0.338107 0.495644 
d_499 d499 0.094124 0.492540 0.413337 
d_500 d500 0.168388 0.332035 0.499578 
d_501 d501 0.127577 0.370400 0.502024 
d_502 d502 0.399312 0.314482 0.286206 
d_503 d503 0.198309 0.412372 0.389319 
d_504 d504 0.446350 0.276825 0.276825 
d_505 d505 0.301783 0.356279 0.341938 
d_506 d506 0.240955 0.287144 0.471901 
d_507 d507 0.275095 0.267607 0.457299 
d_508 d508 0.423886 0.303149 0.272965 
d_509 d509 0.326655 0.391769 0.281576 
d_510 d510 0.148410 0.437117 0.414473 
d_511 d511 0.335104 0.328020 0.336875 
d_512 d512 0.152707 0.400518 0.446776 
d_513 d513 0.167623 0.317110 0.515267 
d_514 d514 0.239212 0.359632 0.401156 
d_515 d515 0.186863 0.365374 0.447763 
d_516 d516 0.334403 0.350447 0.315151 
d_517 d517 0.212084 0.351987 0.435929 
d_518 d518 0.330443 0.352121 0.317436 
d_519 d519 0.194498 0.611004 0.194498 
d_520 d520 0.286272 0.395369 0.318359 
d_521 d521 0.140286 0.388490 0.471224 
d_522 d522 0.338778 0.267992 0.393230 
d_523 d523 0.459347 0.262283 0.278370 
d_524 d524 0.263146 0.478929 0.257925 
d_525 d525 0.265174 0.321582 0.413244 
d_526 d526 0.286746 0.282594 0.430660 
d_527 d527 0.232748 0.412641 0.354611 
d_528 d528 0.272906 0.481381 0.245713 
d_529 d529 0.157079 0.331820 0.511101 
d_530 d530 0.229184 0.397167 0.373649 
d_531 d531 0.256948 0.483090 0.259963 
d_532 d532 0.364143 0.285934 0.349923 
d_533 d533 0.251925 0.292629 0.455445 
d_534 d534 0.236084 0.418971 0.344945 
d_535 d535 0.176845 0.429916 0.393239 
d_536 d536 0.394900 0.290070 0.315030 
d_537 d537 0.295054 0.248400 0.456546 
d_538 d538 0.351496 0.341279 0.307225 
d_539 d539 0.084636 0.355226 0.560138 
d_540 d540 0.156549 0.525716 0.317735 
d_541 d541 0.231053 0.282193 0.486753 
d_542 d542 0.343620 0.405337 0.251043 
d_543 d543 0.346492 0.331688 0.321819 
d_544 d544 0.223132 0.414697 0.362171 
d_545 d545 0.485519 0.308487 0.205994 
d_546 d546 0.201336 0.401662 0.397003 
d_547 d547 0.355382 0.218364 0.426254 
d_548 d548 0.182348 0.302577 0.515075 
d_549 d549 0.260190 0.495578 0.244232 
d_550 d550 0.114843 0.431165 0.453992 
d_551 d551 0.305046 0.402388 0.292566 
d_552 d552 0.133828 0.294773 0.571399 
d_553 d553 0.132709 0.390655 0.476636 
d_554 d554 0.266951 0.367818 0.365231 
d_555 d555 0.507578 0.235321 0.257101 
d_556 d556 0.285331 0.312761 0.401909 
d_557 d557 0.100473 0.293830 0.605697 
d_558 d558 0.225837 0.473462 0.300701 
d_559 d559 0.243387 0.476637 0.279976 
d_560 d560 0.252175 0.346860 0.400965 
d_561 d561 0.162619 0.294785 0.542596 
d_562 d562 0.164064 0.382947 0.452989 
d_563 d563 0.163338 0.452330 0.384332 
d_564 d564 0.304616 0.413573 0.281811 
d_565 d565 0.366789 0.279986 0.353226 
d_566 d566 0.207631 0.224317 0.568052 
d_567 d567 0.154204 0.341522 0.504274 
d_568 d568 0.327421 0.345158 0.327421 
d_569 d569 0.173268 0.377464 0.449269 
d_570 d570 0.407375 0.191019 0.401606 
d_571 d571 0.182828 0.514665 0.302507 
d_572 d572 0.153728 0.274882 0.571391 
d_573 d573 0.325333 0.385339 0.289329 
d_574 d574 0.277978 0.282348 0.439674 
d_575 d575 0.299483 0.348808 0.351709 
d_576 d576 0.214960 0.349661 0.435379 
d_577 d577 0.105740 0.439654 0.454606 
d_578 d578 0.225584 0.432795 0.341622 
d_579 d579 0.274039 0.266074 0.459888 
d_580 d580 0.243261 0.457845 0.298894 
d_581 d581 0.146711 0.301892 0.551397 
d_582 d582 0.209457 0.263842 0.526701 
d_583 d583 0.366380 0.335073 0.298548 
d_584 d584 0.340633 0.263984 0.395383 
d_585 d585 0.382443 0.405882 0.211675 
d_586 d586 0.171899 0.255473 0.572628 
d_587 d587 0.195183 0.459258 0.345559 
d_588 d588 0.222060 0.388970 0.388970 
d_589 d589 0.448398 0.243838 0.307763 
d_590 d590 0.324729 0.316124 0.359147 
d_591 d591 0.272073 0.428287 0.299640 
d_592 d592 0.206625 0.431632 0.361743 
d_593 d593 0.170755 0.420294 0.408951 
d_594 d594 0.200820 0.426760 0.372420 
d_595 d595 0.176428 0.352270 0.471302 
d_596 d596 0.303295 0.372206 0.324499 
d_597 d597 0.166324 0.400848 0.432828 
d_598 d598 0.228771 0.426090 0.345139 
d_599 d599 0.105226 0.453186 0.441588 
d_600 d600 0.438270 0.322626 0.239105 
d_601 d601 0.078548 0.409633 0.511820 
d_602 d602 0.161520 0.516492 0.321987 
d_603 d603 0.173410 0.416876 0.409715 
d_604 d604 0.121570 0.497179 0.381250 
d_605 d605 0.187647 0.415282 0.397071 
d_606 d606 0.345296 0.402715 0.251989 
d_607 d607 0.193762 0.404940 0.401299 
d_608 d608 0.104476 0.358335 0.537189 
d_609 d609 0.231391 0.354387 0.414222 
d_610 d610 0.372403 0.325069 0.302528 
d_611 d611 0.244986 0.329799 0.425214 
d_612 d612 0.351753 0.335500 0.312747 
d_613 d613 0.326332 0.270319 0.403349 
d_614 d614 0.206774 0.402100 0.391126 
d_615 d615 0.245871 0.214799 0.539329 
d_616 d616 0.295594 0.238985 0.465421 
d_617 d617 0.260022 0.398186 0.341792 
d_618 d618 0.157087 0.469524 0.373389 
d_619 d619 0.206422 0.318770 0.474808 
d_620 d620 0.190066 0.308827 0.501107 
d_621 d621 0.163129 0.344556 0.492316 
d_622 d622 0.200765 0.499711 0.299524 
d_623 d623 0.102165 0.392404 0.505430 
d_624 d624 0.277186 0.324858 0.397955 
d_625 d625 0.273851 0.351922 0.374227 
d_626 d626 0.274895 0.365380 0.359725 
d_627 d627 0.387081 0.254631 0.358288 
d_628 d628 0.245799 0.342417 0.411784 
d_629 d629 0.399834 0.208006 0.392161 
d_630 d630 0.138181 0.316246 0.545573 
d_631 d631 0.240602 0.403238 0.356159 
d_632 d632 0.170563 0.315401 0.514035 
d_633 d633 0.296385 0.362892 0.340723 
d_634 d634 0.104397 0.602201 0.293403 
d_635 d635 0.080211 0.403876 0.515914 
d_636 d636 0.241453 0.406838 0.351709 
d_637 d637 0.240659 0.301319 0.458023 
d_638 d638 0.474778 0.289132 0.236090 
d_639 d639 0.242955 0.481024 0.276020 
d_640 d640 0.133053 0.377395 0.489552 
d_641 d641 0.276150 0.325164 0.398686 
d_642 d642 0.428326 0.293753 0.277921 
d_643 d643 0.294718 0.345215 0.360067 
d_644 d644 0.199320 0.331333 0.469347 
d_645 d645 0.427259 0.338168 0.234573 
d_646 d646 0.358456 0.404515 0.237029 
d_647 d647 0.156417 0.305790 0.537793 
d_648 d648 0.240882 0.457354 0.301764 
d_649 d649 0.172418 0.331173 0.496409 
d_650 d650 0.263906 0.392842 0.343252 
d_651 d651 0.394008 0.309497 0.296495 
d_652 d652 0.269239 0.379867 0.350893 
d_653 d653 0.188134 0.338141 0.473725 
d_654 d654 0.349978 0.343986 0.306035 
d_655 d655 0.168940 0.366959 0.464101 
d_656 d656 0.260948 0.424650 0.314402 
d_657 d657 0.197143 0.325322 0.477535 
d_658 d658 0.248132 0.424122 0.327746 
d_659 d659 0.287375 0.383887 0.328738 
d_660 d660 0.204978 0.496289 0.298733 
d_661 d661 0.114865 0.412036 0.473099 
d_662 d662 0.192393 0.366155 0.441452 
d_663 d663 0.183023 0.315956 0.501021 
d_664 d664 0.392344 0.289852 0.317804 
d_665 d665 0.339597 0.302015 0.358388 
d_666 d666 0.256832 0.316703 0.426465 
d_667 d667 0.152733 0.595495 0.251772 
d_668 d668 0.169918 0.411589 0.418494 
d_669 d669 0.313115 0.373770 0.313115 
d_670 d670 0.231488 0.261541 0.506971 
d_671 d671 0.299198 0.411845 0.288957 
d_672 d672 0.343720 0.352623 0.303658 
d_673 d673 0.251072 0.349786 0.399142 
d_674 d674 0.278464 0.413144 0.308393 
d_675 d675 0.169613 0.360446 0.469941 
d_676 d676 0.135967 0.392404 0.471629 
d_677 d677 0.242861 0.334949 0.422190 
d_678 d678 0.399692 0.278825 0.321484 
d_679 d679 0.198330 0.406164 0.395506 
d_680 d680 0.185054 0.356923 0.458023 
d_681 d681 0.089170 0.357750 0.553080 
d_682 d682 0.196625 0.444178 0.359197 
d_683 d683 0.238133 0.336892 0.424974 
d_684 d684 0.194383 0.285386 0.520231 
d_685 d685 0.301111 0.449566 0.249324 
d_686 d686 0.135200 0.460556 0.404244 
d_687 d687 0.223352 0.392161 0.384487 
d_688 d688 0.251933 0.335659 0.412408 
d_689 d689 0.225251 0.289388 0.485361 
d_690 d690 0.339111 0.306022 0.354868 
d_691 d691 0.144446 0.380315 0.475239 
d_692 d692 0.294869 0.361871 0.343260 
d_693 d693 0.233174 0.497230 0.269596 
d_694 d694 0.121337 0.495448 0.383215 
d_695 d695 0.116066 0.303186 0.580747 
d_696 d696 0.271756 0.285787 0.442457 
d_697 d697 0.366506 0.410410 0.223084 
d_698 d698 0.326747 0.320160 0.353093 
d_699 d699 0.245754 0.441032 0.313214 
d_700 d700 0.258010 0.470074 0.271916 
d_701 d701 0.237025 0.391702 0.371273 
d_702 d702 0.272498 0.308109 0.419393 
d_703 d703 0.279665 0.381766 0.338569 
d_704 d704 0.248565 0.296851 0.454584 
d_705 d705 0.229879 0.270522 0.499600 
d_706 d706 0.207435 0.314330 0.478235 
d_707 d707 0.252790 0.363537 0.383673 
d_708 d708 0.464669 0.255353 0.279978 
d_709 d709 0.211628 0.477767 0.310605 
d_710 d710 0.178897 0.447810 0.373292 
d_711 d711 0.085343 0.366453 0.548205 
d_712 d712 0.188101 0.344799 0.467100 
d_713 d713 0.363259 0.266000 0.370741 
d_714 d714 0.193376 0.349607 0.457016 
d_715 d715 0.162073 0.450841 0.387087 
d_716 d716 0.166406 0.287130 0.546464 
d_717 d717 0.169226 0.438530 0.392243 
d_718 d718 0.300508 0.316539 0.382954 
d_719 d719 0.214299 0.334850 0.450851 
d_720 d720 0.314675 0.225114 0.460211 
d_721 d721 0.190469 0.322786 0.486744 
d_722 d722 0.359115 0.261415 0.379469 
d_723 d723 0.382893 0.340413 0.276694 
d_724 d724 0.096155 0.445124 0.458720 
d_725 d725 0.237539 0.357545 0.404916 
d_726 d726 0.206647 0.349728 0.443625 
d_727 d727 0.229373 0.492935 0.277692 
d_728 d728 0.187058 0.330153 0.482789 
d_729 d729 0.208877 0.473209 0.317914 
d_730 d730 0.333333 0.354131 0.312535 
d_731 d731 0.219647 0.464784 0.315570 
d_732 d732 0.303692 0.334815 0.361492 
d_733 d733 0.208177 0.386972 0.404851 
d_734 d734 0.246235 0.457159 0.296605 
d_735 d735 0.395442 0.423864 0.180694 
d_736 d736 0.083663 0.304916 0.611421 
d_737 d737 0.531697 0.219274 0.249029 
d_738 d738 0.066569 0.410074 0.523357 
d_739 d739 0.239911 0.377747 0.382342 
d_740 d740 0.348321 0.319708 0.331971 
d_741 d741 0.310392 0.382345 0.307263 
d_742 d742 0.170469 0.517733 0.311798 
d_743 d743 0.168517 0.520497 0.310985 
d_744 d744 0.250855 0.326773 0.422372 
d_745 d745 0.193534 0.429445 0.377021 
d_746 d746 0.163832 0.469646 0.366522 
d_747 d747 0.270137 0.373247 0.356616 
d_748 d748 0.220761 0.385693 0.393547 
d_749 d749 0.096756 0.368619 0.534624 
d_750 d750 0.366419 0.321302 0.312279 
d_751 d751 0.082502 0.537270 0.380228 
d_752 d752 0.322983 0.179378 0.497639 
d_753 d753 0.221142 0.311089 0.467769 
d_754 d754 0.182763 0.341199 0.476038 
d_755 d755 0.135425 0.369317 0.495258 
d_756 d756 0.154714 0.321568 0.523718 
d_757 d757 0.362005 0.214060 0.423935 
d_758 d758 0.240602 0.306059 0.453339 
d_759 d759 0.153540 0.319916 0.526544 
d_760 d760 0.164577 0.502090 0.333333 
d_761 d761 0.160937 0.464117 0.374946 
d_762 d762 0.155160 0.545570 0.299271 
d_763 d763 0.110019 0.361248 0.528734 
d_764 d764 0.170339 0.429923 0.399738 
d_765 d765 0.163013 0.387422 0.449566 
d_766 d766 0.119962 0.288783 0.591254 
d_767 d767 0.161402 0.480815 0.357782 
d_768 d768 0.125708 0.348747 0.525545 
d_769 d769 0.337155 0.306580 0.356265 
d_770 d770 0.256127 0.273608 0.470265 
d_771 d771 0.133726 0.363577 0.502697 
d_772 d772 0.273171 0.295230 0.431599 
d_773 d773 0.263267 0.320594 0.416139 
d_774 d774 0.201812 0.380483 0.417706 
d_775 d775 0.250167 0.391858 0.357975 
d_776 d776 0.334383 0.296605 0.369012 
d_777 d777 0.304714 0.309620 0.385666 
d_778 d778 0.255101 0.325510 0.419388 
d_779 d779 0.201711 0.399144 0.399144 
d_780 d780 0.265221 0.255254 0.479525 
d_781 d781 0.151431 0.274655 0.573913 
d_782 d782 0.385640 0.236192 0.378168 
d_783 d783 0.057371 0.461977 0.480652 
d_784 d784 0.322522 0.364223 0.313255 
d_785 d785 0.215193 0.326465 0.458342 
d_786 d786 0.164118 0.398416 0.437466 
d_787 d787 0.126688 0.441859 0.431453 
d_788 d788 0.180592 0.381207 0.438201 
d_789 d789 0.239352 0.423700 0.336948 
d_790 d790 0.334556 0.246531 0.418913 
d_791 d791 0.068238 0.350165 0.581598 
d_792 d792 0.253034 0.395383 0.351583 
d_793 d793 0.204498 0.374823 0.420679 
d_794 d794 0.193514 0.339159 0.467327 
d_795 d795 0.158355 0.396595 0.445050 
d_796 d796 0.339469 0.354194 0.306338 
d_797 d797 0.185988 0.337136 0.476876 
d_798 d798 0.437060 0.335588 0.227352 
d_799 d799 0.103724 0.374935 0.521341 
d_800 d800 0.210249 0.323865 0.465886 
d_801 d801 0.250293 0.315281 0.434425 
d_802 d802 0.121296 0.311629 0.567076 
d_803 d803 0.302946 0.402396 0.294658 
d_804 d804 0.333333 0.371311 0.295356 
d_805 d805 0.215192 0.367532 0.417276 
d_806 d806 0.126940 0.413877 0.459183 
d_807 d807 0.088508 0.322731 0.588761 
d_808 d808 0.231444 0.428952 0.339603 
d_809 d809 0.184773 0.256400 0.558827 
d_810 d810 0.244105 0.292775 0.463121 
d_811 d811 0.083121 0.466942 0.449937 
d_812 d812 0.171857 0.342832 0.485311 
d_813 d813 0.201135 0.341110 0.457755 
d_814 d814 0.316156 0.402042 0.281802 
d_815 d815 0.259665 0.374518 0.365817 
d_816 d816 0.277186 0.254939 0.467874 
d_817 d817 0.139605 0.328490 0.531905 
d_818 d818 0.402171 0.331820 0.266009 
d_819 d819 0.140018 0.376532 0.483449 
d_820 d820 0.228104 0.363399 0.408497 
d_821 d821 0.349786 0.321582 0.328633 
d_822 d822 0.128423 0.263741 0.607836 
d_823 d823 0.250211 0.433340 0.316449 
d_824 d824 0.319188 0.319188 0.361624 
d_825 d825 0.336439 0.317804 0.345757 
d_826 d826 0.283008 0.371437 0.345555 
d_827 d827 0.286924 0.259079 0.453997 
d_828 d828 0.067370 0.377294 0.555336 
d_829 d829 0.083076 0.353943 0.562982 
d_830 d830 0.261896 0.284858 0.453247 
d_831 d831 0.229126 0.481326 0.289549 
d_832 d832 0.118652 0.481436 0.399912 
d_833 d833 0.283905 0.281257 0.434838 
d_834 d834 0.317574 0.435766 0.246659 
d_835 d835 0.104939 0.482776 0.412284 
d_836 d836 0.230725 0.287087 0.482188 
d_837 d837 0.302531 0.330253 0.367216 
d_838 d838 0.137228 0.513639 0.349133 
d_839 d839 0.202518 0.374901 0.422581 
d_840 d840 0.188366 0.320488 0.491146 
d_841 d841 0.243180 0.329616 0.427204 
d_842 d842 0.308942 0.295875 0.395183 
d_843 d843 0.221306 0.367960 0.410734 
d_844 d844 0.186546 0.294870 0.518584 
d_845 d845 0.167687 0.597874 0.234440 
d_846 d846 0.244306 0.529539 0.226155 
d_847 d847 0.214476 0.433337 0.352187 
d_848 d848 0.180214 0.341707 0.478079 
d_849 d849 0.228066 0.395255 0.376679 
d_850 d850 0.112028 0.384772 0.503200 
d_851 d851 0.312106 0.453623 0.234271 
d_852 d852 0.533001 0.248859 0.218141 
d_853 d853 0.264243 0.323965 0.411792 
d_854 d854 0.117811 0.473786 0.408403 
d_855 d855 0.338691 0.338691 0.322618 
d_856 d856 0.237171 0.331585 0.431244 
d_857 d857 0.218473 0.405121 0.376406 
d_858 d858 0.058993 0.451040 0.489967 
d_859 d859 0.143408 0.432747 0.423844 
d_860 d860 0.255917 0.313027 0.431055 
d_861 d861 0.326825 0.339842 0.333333 
d_862 d862 0.220803 0.496746 0.282450 
d_863 d863 0.177162 0.336199 0.486639 
d_864 d864 0.268782 0.399871 0.331347 
d_865 d865 0.233946 0.317154 0.448900 
d_866 d866 0.198252 0.331063 0.470685 
d_867 d867 0.291742 0.438699 0.269560 
d_868 d868 0.379105 0.262387 0.358508 
d_869 d869 0.105721 0.442505 0.451774 
d_870 d870 0.176108 0.360888 0.463003 
d_871 d871 0.120562 0.375888 0.503550 
d_872 d872 0.160497 0.364289 0.475214 
d_873 d873 0.116198 0.417706 0.466096 
d_874 d874 0.175946 0.412027 0.412027 
d_875 d875 0.134767 0.487773 0.377459 
d_876 d876 0.291038 0.409465 0.299497 
d_877 d877 0.331109 0.334446 0.334446 
d_878 d878 0.216695 0.396217 0.387089 
d_879 d879 0.140265 0.383531 0.476204 
d_880 d880 0.283672 0.494306 0.222022 
d_881 d881 0.350918 0.271788 0.377294 
d_882 d882 0.260880 0.438200 0.300920 
d_883 d883 0.152837 0.343090 0.504073 
d_884 d884 0.162287 0.344369 0.493344 
d_885 d885 0.246996 0.346284 0.406720 
d_886 d886 0.115476 0.529173 0.355351 
d_887 d887 0.421021 0.221946 0.357033 
d_888 d888 0.346434 0.385737 0.267828 
d_889 d889 0.166957 0.336017 0.497026 
d_890 d890 0.340646 0.310480 0.348873 
d_891 d891 0.177183 0.407569 0.415248 
d_892 d892 0.199668 0.404556 0.395775 
d_893 d893 0.200912 0.277973 0.521114 
d_894 d894 0.277505 0.292069 0.430427 
d_895 d895 0.231663 0.343708 0.424629 
d_896 d896 0.250208 0.288573 0.461219 
d_897 d897 0.107509 0.368820 0.523671 
d_898 d898 0.103645 0.291961 0.604394 
d_899 d899 0.379164 0.280956 0.339881 
d_900 d900 0.198929 0.311692 0.489379 
d_901 d901 0.405446 0.342822 0.251732 
d_902 d902 0.263308 0.355216 0.381476 
d_903 d903 0.188155 0.450858 0.360986 
d_904 d904 0.099571 0.481284 0.419145 
d_905 d905 0.169959 0.348186 0.481856 
d_906 d906 0.114517 0.399340 0.486143 
d_907 d907 0.284892 0.417299 0.297809 
d_908 d908 0.299817 0.407381 0.292802 
d_909 d909 0.335100 0.297995 0.366905 
d_910 d910 0.319476 0.329869 0.350655 
d_911 d911 0.203302 0.357286 0.439411 
d_912 d912 0.364156 0.269633 0.366211 
d_913 d913 0.378029 0.340317 0.281654 
d_914 d914 0.201919 0.332019 0.466062 
d_915 d915 0.249263 0.279378 0.471360 
d_916 d916 0.138698 0.376058 0.485244 
d_917 d917 0.256102 0.419476 0.324422 
d_918 d918 0.365560 0.353085 0.281356 
d_919 d919 0.137889 0.419633 0.442477 
d_920 d920 0.416386 0.255472 0.328143 
d_921 d921 0.212839 0.382348 0.404813 
d_922 d922 0.147267 0.362935 0.489798 
d_923 d923 0.099047 0.353389 0.547564 
d_924 d924 0.346006 0.358678 0.295317 
d_925 d925 0.177216 0.371976 0.450808 
d_926 d926 0.107660 0.602901 0.289439 
d_927 d927 0.202235 0.436699 0.361066 
d_928 d928 0.118793 0.361708 0.519499 
d_929 d929 0.220489 0.439540 0.339971 
d_930 d930 0.187369 0.339114 0.473517 
d_931 d931 0.283173 0.349009 0.367819 
d_932 d932 0.284549 0.380593 0.334858 
d_933 d933 0.192330 0.366334 0.441336 
d_934 d934 0.151384 0.343671 0.504945 
d_935 d935 0.270600 0.443300 0.286099 
d_936 d936 0.077861 0.389820 0.532319 
d_937 d937 0.200360 0.391509 0.408131 
d_938 d938 0.119034 0.303775 0.577191 
d_939 d939 0.279628 0.318818 0.401553 
d_940 d940 0.242408 0.296963 0.460629 
d_941 d941 0.296898 0.351551 0.351551 
d_942 d942 0.145762 0.344193 0.510045 
d_943 d943 0.146950 0.301342 0.551707 
d_944 d944 0.133726 0.294017 0.572257 
d_945 d945 0.287471 0.379196 0.333333 
d_946 d946 0.173043 0.481526 0.345431 
d_947 d947 0.398363 0.418545 0.183092 
d_948 d948 0.135314 0.348278 0.516408 
d_949 d949 0.115261 0.325196 0.559543 
d_950 d950 0.223291 0.374741 0.401968 
d_951 d951 0.256527 0.317041 0.426432 
d_952 d952 0.203144 0.463523 0.333333 
d_953 d953 0.161223 0.266836 0.571941 
d_954 d954 0.358651 0.361364 0.279986 
d_955 d955 0.071895 0.270336 0.657768 
d_956 d956 0.253060 0.363295 0.383646 
d_957 d957 0.190464 0.414735 0.394800 
d_958 d958 0.215679 0.307756 0.476565 
d_959 d959 0.090818 0.323333 0.585849 
d_960 d960 0.406102 0.272000 0.321898 
d_961 d961 0.207584 0.349052 0.443364 
d_962 d962 0.402049 0.332106 0.265845 
d_963 d963 0.279775 0.358795 0.361429 
d_964 d964 0.316404 0.261987 0.421610 
d_965 d965 0.151686 0.367886 0.480428 
d_966 d966 0.410410 0.360652 0.228938 
d_967 d967 0.374906 0.336798 0.288296 
d_968 d968 0.400346 0.364999 0.234655 
d_969 d969 0.291249 0.372942 0.335809 
d_970 d970 0.206591 0.363588 0.429821 
d_971 d971 0.438783 0.262457 0.298760 
d_972 d972 0.141129 0.653349 0.205522 
d_973 d973 0.233627 0.347577 0.418796 
d_974 d974 0.398936 0.311466 0.289598 
d_975 d975 0.269760 0.298519 0.431721 
d_976 d976 0.394897 0.374376 0.230727 
d_977 d977 0.274423 0.282839 0.442738 
d_978 d978 0.272573 0.502664 0.224762 
d_979 d979 0.196369 0.378988 0.424643 
d_980 d980 0.111901 0.325094 0.563005 
d_981 d981 0.295980 0.436054 0.267966 
d_982 d982 0.186490 0.320968 0.492542 
d_983 d983 0.150822 0.274580 0.574598 
d_984 d984 0.432090 0.323333 0.244578 
d_985 d985 0.149610 0.399871 0.450519 
d_986 d986 0.265174 0.247547 0.487279 
d_987 d987 0.291747 0.265013 0.443240 
d_988 d988 0.229293 0.326158 0.444549 
d_989 d989 0.291601 0.269245 0.439153 
d_990 d990 0.121544 0.382751 0.495705 
d_991 d991 0.311615 0.391579 0.296806 
d_992 d992 0.185395 0.420356 0.394249 
d_993 d993 0.239378 0.339597 0.421025 
d_994 d994 0.109958 0.314641 0.575401 
d_995 d995 0.123438 0.350693 0.525869 
d_996 d996 0.178279 0.434314 0.387407 
d_997 d997 0.328447 0.445720 0.225833 
d_998 d998 0.080657 0.335993 0.583350 
d_999 d999 0.299012 0.362921 0.338067 
d_1000 d1000 0.238005 0.316246 0.445748 
d_1001 d1001 0.410410 0.357725 0.231865 
d_1002 d1002 0.228486 0.460763 0.310751 
d_1003 d1003 0.224044 0.392716 0.383240 
d_1004 d1004 0.360180 0.213481 0.426339 
d_1005 d1005 0.368596 0.478613 0.152791 
d_1006 d1006 0.245580 0.487988 0.266432 
d_1007 d1007 0.304789 0.422905 0.272307 
d_1008 d1008 0.424794 0.305498 0.269709 
d_1009 d1009 0.271078 0.346579 0.382343 
d_1010 d1010 0.432761 0.309557 0.257682 
d_1011 d1011 0.138003 0.589704 0.272293 
d_1012 d1012 0.354571 0.470412 0.175017 
d_1013 d1013 0.292285 0.432223 0.275492 
d_1014 d1014 0.290130 0.356841 0.353029 
d_1015 d1015 0.276353 0.489156 0.234490 
d_1016 d1016 0.496891 0.266888 0.236221 
d_1017 d1017 0.121628 0.559043 0.319329 
d_1018 d1018 0.275340 0.472518 0.252143 
d_1019 d1019 0.465222 0.334480 0.200298 
d_1020 d1020 0.426699 0.275878 0.297423 
d_1021 d1021 0.078207 0.675655 0.246138 
d_1022 d1022 0.389452 0.329016 0.281531 
d_1023 d1023 0.240056 0.476838 0.283107 
d_1024 d1024 0.332585 0.303414 0.364000 
d_1025 d1025 0.350562 0.341164 0.308274 
d_1026 d1026 0.307446 0.524082 0.168472 
d_1027 d1027 0.230874 0.510024 0.259102 
d_1028 d1028 0.099252 0.438563 0.462185 
