d_0 d0 0.086055 0.424148 0.489797 
d_1 d1 0.102734 0.398109 0.499158 
d_2 d2 0.137458 0.373336 0.489206 
d_3 d3 0.359009 0.385968 0.255023 
d_4 d4 0.145647 0.370302 0.484051 
d_5 d5 0.078741 0.373837 0.547423 
d_6 d6 0.161342 0.345863 0.492796 
d_7 d7 0.367670 0.216374 0.415956 
d_8 d8 0.256220 0.336580 0.407200 
d_9 d9 0.236437 0.357100 0.406463 
d_10 d10 0.269051 0.354490 0.376460 
d_11 d11 0.434363 0.265554 0.300083 
d_12 d12 0.413093 0.199583 0.387324 
d_13 d13 0.070842 0.354514 0.574644 
d_14 d14 0.135431 0.317501 0.547068 
d_15 d15 0.133709 0.252327 0.613964 
d_16 d16 0.185136 0.300401 0.514463 
d_17 d17 0.102861 0.385440 0.511699 
d_18 d18 0.263125 0.492472 0.244403 
d_19 d19 0.182892 0.495347 0.321761 
d_20 d20 0.141229 0.350797 0.507974 
d_21 d21 0.159560 0.373612 0.466828 
d_22 d22 0.089045 0.337696 0.573259 
d_23 d23 0.132193 0.416906 0.450901 
d_24 d24 0.259386 0.409921 0.330692 
d_25 d25 0.185803 0.584860 0.229337 
d_26 d26 0.181177 0.361556 0.457267 
d_27 d27 0.194992 0.351028 0.453980 
d_28 d28 0.285301 0.351807 0.362892 
d_29 d29 0.254975 0.391071 0.353954 
d_30 d30 0.258680 0.372773 0.368547 
d_31 d31 0.171207 0.383998 0.444795 
d_32 d32 0.206330 0.370505 0.423165 
d_33 d33 0.324694 0.350613 0.324694 
d_34 d34 0.284251 0.273207 0.442542 
d_35 d35 0.345992 0.401231 0.252776 
d_36 d36 0.200508 0.458346 0.341147 
d_37 d37 0.280822 0.249314 0.469864 
d_38 d38 0.096941 0.292475 0.610584 
d_39 d39 0.105904 0.437483 0.456613 
d_40 d40 0.147697 0.335654 0.516649 
d_41 d41 0.300801 0.402012 0.297187 
d_42 d42 0.390837 0.413338 0.195825 
d_43 d43 0.229056 0.371253 0.399692 
d_44 d44 0.387461 0.306270 0.306270 
d_45 d45 0.359802 0.304563 0.335635 
d_46 d46 0.255127 0.270103 0.474770 
d_47 d47 0.129043 0.409213 0.461744 
d_48 d48 0.250250 0.328718 0.421032 
d_49 d49 0.305707 0.378640 0.315653 
d_50 d50 0.253027 0.377251 0.369722 
d_51 d51 0.410456 0.304254 0.285290 
d_52 d52 0.344306 0.297280 0.358414 
d_53 d53 0.158109 0.390907 0.450984 
d_54 d54 0.336729 0.367291 0.295980 
d_55 d55 0.259481 0.356412 0.384106 
d_56 d56 0.150304 0.330405 0.519291 
d_57 d57 0.299198 0.391364 0.309438 
d_58 d58 0.343697 0.312605 0.343697 
d_59 d59 0.483347 0.402982 0.113671 
d_60 d60 0.293495 0.351192 0.355313 
d_61 d61 0.294893 0.356989 0.348118 
d_62 d62 0.106583 0.369699 0.523718 
d_63 d63 0.320129 0.277873 0.401998 
d_64 d64 0.103734 0.338067 0.558199 
d_65 d65 0.175692 0.365706 0.458602 
d_66 d66 0.305611 0.277889 0.416500 
d_67 d67 0.080548 0.486335 0.433117 
d_68 d68 0.448398 0.218268 0.333333 
d_69 d69 0.222113 0.295014 0.482873 
d_70 d70 0.213827 0.356795 0.429378 
d_71 d71 0.312537 0.298974 0.388490 
d_72 d72 0.157469 0.425543 0.416987 
d_73 d73 0.210454 0.377759 0.411787 
d_74 d74 0.184822 0.319708 0.495470 
d_75 d75 0.239685 0.520629 0.239685 
d_76 d76 0.273959 0.290658 0.435384 
d_77 d77 0.388602 0.304135 0.307263 
d_78 d78 0.071779 0.377123 0.551098 
d_79 d79 0.267708 0.365243 0.367049 
d_80 d80 0.174906 0.310701 0.514393 
d_81 d81 0.176376 0.333333 0.490291 
d_82 d82 0.201473 0.412107 0.386420 
d_83 d83 0.282834 0.326447 0.390719 
d_84 d84 0.118195 0.392007 0.489797 
d_85 d85 0.333333 0.239455 0.427212 
d_86 d86 0.098217 0.550975 0.350808 
d_87 d87 0.068150 0.422102 0.509748 
d_88 d88 0.323898 0.425795 0.250307 
d_89 d89 0.231002 0.506599 0.262399 
d_90 d90 0.274540 0.492611 0.232850 
d_91 d91 0.117187 0.373659 0.509154 
d_92 d92 0.316027 0.341987 0.341987 
d_93 d93 0.126202 0.294866 0.578932 
d_94 d94 0.447944 0.329276 0.222780 
d_95 d95 0.416078 0.279121 0.304801 
d_96 d96 0.227762 0.407518 0.364719 
d_97 d97 0.340943 0.348553 0.310504 
d_98 d98 0.180334 0.309077 0.510589 
d_99 d99 0.410096 0.278959 0.310944 
d_100 d100 0.179298 0.473256 0.347447 
d_101 d101 0.286569 0.273079 0.440353 
d_102 d102 0.175928 0.314336 0.509736 
d_103 d103 0.208930 0.425913 0.365157 
d_104 d104 0.305680 0.347160 0.347160 
d_105 d105 0.242824 0.415857 0.341319 
d_106 d106 0.169776 0.394667 0.435557 
d_107 d107 0.353918 0.406688 0.239394 
d_108 d108 0.251154 0.380113 0.368734 
d_109 d109 0.183727 0.339087 0.477185 
d_110 d110 0.169317 0.415342 0.415342 
d_111 d111 0.140626 0.290438 0.568936 
d_112 d112 0.094050 0.322603 0.583347 
d_113 d113 0.388602 0.238438 0.372960 
d_114 d114 0.382563 0.265967 0.351470 
d_115 d115 0.252175 0.311691 0.436133 
d_116 d116 0.497675 0.256895 0.245430 
d_117 d117 0.089274 0.325993 0.584733 
d_118 d118 0.367063 0.328775 0.304162 
d_119 d119 0.288203 0.369438 0.342359 
d_120 d120 0.264332 0.522378 0.213290 
d_121 d121 0.370034 0.232407 0.397559 
d_122 d122 0.205270 0.340163 0.454566 
d_123 d123 0.109982 0.290671 0.599348 
d_124 d124 0.248128 0.388044 0.363828 
d_125 d125 0.283802 0.329795 0.386403 
d_126 d126 0.217073 0.323645 0.459282 
d_127 d127 0.185377 0.460770 0.353853 
d_128 d128 0.234385 0.250287 0.515328 
d_129 d129 0.220752 0.277043 0.502205 
d_130 d130 0.173764 0.301791 0.524446 
d_131 d131 0.098281 0.370192 0.531527 
d_132 d132 0.221353 0.348779 0.429868 
d_133 d133 0.189107 0.251732 0.559161 
d_134 d134 0.127952 0.395728 0.476320 
d_135 d135 0.181539 0.492940 0.325520 
d_136 d136 0.108064 0.540695 0.351242 
d_137 d137 0.059917 0.370281 0.569801 
d_138 d138 0.121934 0.473211 0.404855 
d_139 d139 0.187737 0.372436 0.439827 
d_140 d140 0.139277 0.358687 0.502036 
d_141 d141 0.129477 0.353719 0.516804 
d_142 d142 0.483992 0.219040 0.296967 
d_143 d143 0.107659 0.436896 0.455445 
d_144 d144 0.128505 0.317577 0.553918 
d_145 d145 0.275502 0.344900 0.379599 
d_146 d146 0.160879 0.338020 0.501101 
d_147 d147 0.272843 0.348944 0.378214 
d_148 d148 0.097510 0.402808 0.499682 
d_149 d149 0.154020 0.355201 0.490779 
d_150 d150 0.149360 0.255499 0.595141 
d_151 d151 0.288652 0.304422 0.406926 
d_152 d152 0.283208 0.323553 0.393239 
d_153 d153 0.309359 0.319634 0.371008 
d_154 d154 0.158628 0.332580 0.508792 
d_155 d155 0.264022 0.319188 0.416790 
d_156 d156 0.326291 0.453060 0.220649 
d_157 d157 0.434158 0.287009 0.278834 
d_158 d158 0.136332 0.320785 0.542882 
d_159 d159 0.226035 0.311064 0.462901 
d_160 d160 0.247662 0.221435 0.530903 
d_161 d161 0.181836 0.476772 0.341392 
d_162 d162 0.172417 0.287921 0.539661 
d_163 d163 0.294358 0.339988 0.365654 
d_164 d164 0.353562 0.296669 0.349769 
d_165 d165 0.357864 0.312577 0.329559 
d_166 d166 0.150738 0.472014 0.377249 
d_167 d167 0.464846 0.239396 0.295758 
d_168 d168 0.474541 0.260238 0.265221 
d_169 d169 0.198653 0.383480 0.417867 
d_170 d170 0.285386 0.344097 0.370517 
d_171 d171 0.558417 0.147697 0.293886 
d_172 d172 0.164714 0.436257 0.399029 
d_173 d173 0.234048 0.219518 0.546434 
d_174 d174 0.156649 0.291760 0.551591 
d_175 d175 0.145249 0.375767 0.478984 
d_176 d176 0.203942 0.439748 0.356309 
d_177 d177 0.211734 0.439732 0.348533 
d_178 d178 0.494207 0.249295 0.256498 
d_179 d179 0.179299 0.427855 0.392847 
d_180 d180 0.195512 0.277521 0.526966 
d_181 d181 0.437199 0.285852 0.276949 
d_182 d182 0.265369 0.291849 0.442782 
d_183 d183 0.160677 0.390562 0.448761 
d_184 d184 0.183932 0.307417 0.508652 
d_185 d185 0.214592 0.372914 0.412494 
d_186 d186 0.202452 0.398774 0.398774 
d_187 d187 0.227744 0.450400 0.321856 
d_188 d188 0.243776 0.301349 0.454875 
d_189 d189 0.082246 0.454597 0.463157 
d_190 d190 0.141260 0.357681 0.501060 
d_191 d191 0.324344 0.300747 0.374909 
d_192 d192 0.182254 0.433030 0.384716 
d_193 d193 0.237946 0.385498 0.376556 
d_194 d194 0.548607 0.229784 0.221609 
d_195 d195 0.381995 0.349223 0.268782 
d_196 d196 0.313897 0.223783 0.462320 
d_197 d197 0.373483 0.159960 0.466557 
d_198 d198 0.298325 0.469864 0.231810 
d_199 d199 0.176180 0.394376 0.429443 
d_200 d200 0.106474 0.493298 0.400228 
d_201 d201 0.243768 0.404986 0.351246 
d_202 d202 0.166511 0.380615 0.452875 
d_203 d203 0.384819 0.323972 0.291208 
d_204 d204 0.155569 0.313471 0.530960 
d_205 d205 0.244549 0.228881 0.526570 
d_206 d206 0.268713 0.462574 0.268713 
d_207 d207 0.315448 0.336444 0.348108 
d_208 d208 0.262698 0.340769 0.396533 
d_209 d209 0.158682 0.305820 0.535499 
d_210 d210 0.164384 0.384378 0.451238 
d_211 d211 0.462770 0.299271 0.237959 
d_212 d212 0.091141 0.324063 0.584796 
d_213 d213 0.155487 0.325601 0.518912 
d_214 d214 0.313497 0.318456 0.368047 
d_215 d215 0.279540 0.228192 0.492267 
d_216 d216 0.227663 0.323898 0.448439 
d_217 d217 0.372355 0.191017 0.436627 
d_218 d218 0.333333 0.333333 0.333333 
d_219 d219 0.178555 0.462316 0.359130 
d_220 d220 0.172650 0.344570 0.482780 
d_221 d221 0.313332 0.395442 0.291226 
d_222 d222 0.127880 0.431528 0.440592 
d_223 d223 0.209428 0.473368 0.317204 
d_224 d224 0.233872 0.287009 0.479120 
d_225 d225 0.126345 0.408919 0.464736 
d_226 d226 0.205689 0.362481 0.431831 
d_227 d227 0.285110 0.313570 0.401320 
d_228 d228 0.276058 0.251511 0.472431 
d_229 d229 0.267199 0.388176 0.344625 
d_230 d230 0.130438 0.481897 0.387665 
d_231 d231 0.161660 0.412889 0.425451 
d_232 d232 0.153013 0.572724 0.274263 
d_233 d233 0.355201 0.324586 0.320213 
d_234 d234 0.154888 0.370563 0.474549 
d_235 d235 0.244341 0.297736 0.457923 
d_236 d236 0.274376 0.364481 0.361144 
d_237 d237 0.208837 0.459870 0.331292 
d_238 d238 0.272205 0.378568 0.349227 
d_239 d239 0.436489 0.289623 0.273888 
d_240 d240 0.219516 0.319675 0.460809 
d_241 d241 0.234888 0.339336 0.425776 
d_242 d242 0.371860 0.371860 0.256281 
d_243 d243 0.305945 0.394431 0.299624 
d_244 d244 0.152150 0.359583 0.488268 
d_245 d245 0.141487 0.386397 0.472116 
d_246 d246 0.474950 0.282894 0.242155 
d_247 d247 0.327798 0.311191 0.361011 
d_248 d248 0.181195 0.278464 0.540342 
d_249 d249 0.370530 0.258940 0.370530 
d_250 d250 0.366041 0.324339 0.309620 
d_251 d251 0.373615 0.289549 0.336836 
d_252 d252 0.095822 0.381413 0.522766 
d_253 d253 0.210626 0.365237 0.424136 
d_254 d254 0.262285 0.271974 0.465741 
d_255 d255 0.178870 0.238279 0.582851 
d_256 d256 0.084257 0.345135 0.570608 
d_257 d257 0.370040 0.281945 0.348016 
d_258 d258 0.350658 0.327034 0.322309 
d_259 d259 0.177465 0.317309 0.505226 
d_260 d260 0.105609 0.564673 0.329719 
d_261 d261 0.163674 0.403758 0.432568 
d_262 d262 0.315514 0.348925 0.335561 
d_263 d263 0.166511 0.369909 0.463580 
d_264 d264 0.272614 0.406489 0.320897 
d_265 d265 0.138436 0.401219 0.460345 
d_266 d266 0.309356 0.288376 0.402268 
d_267 d267 0.263595 0.392685 0.343720 
d_268 d268 0.188973 0.408122 0.402905 
d_269 d269 0.140890 0.311888 0.547222 
d_270 d270 0.213081 0.371462 0.415457 
d_271 d271 0.233458 0.335962 0.430580 
d_272 d272 0.227552 0.361813 0.410635 
d_273 d273 0.310298 0.398467 0.291235 
d_274 d274 0.075049 0.461097 0.463854 
d_275 d275 0.512784 0.282808 0.204408 
d_276 d276 0.117548 0.337867 0.544585 
d_277 d277 0.187348 0.373605 0.439047 
d_278 d278 0.212181 0.433559 0.354260 
d_279 d279 0.269244 0.321317 0.409440 
d_280 d280 0.319859 0.274946 0.405195 
d_281 d281 0.099916 0.333915 0.566169 
d_282 d282 0.238681 0.361729 0.399590 
d_283 d283 0.376037 0.337306 0.286658 
d_284 d284 0.178545 0.327949 0.493506 
d_285 d285 0.189268 0.483662 0.327070 
d_286 d286 0.073280 0.468176 0.458544 
d_287 d287 0.288996 0.399840 0.311164 
d_288 d288 0.291807 0.307380 0.400813 
d_289 d289 0.181139 0.393124 0.425737 
d_290 d290 0.376058 0.352322 0.271620 
d_291 d291 0.155584 0.438270 0.406146 
d_292 d292 0.188165 0.309139 0.502697 
d_293 d293 0.273554 0.389377 0.337070 
d_294 d294 0.289983 0.299272 0.410745 
d_295 d295 0.091447 0.407704 0.500848 
d_296 d296 0.079079 0.376361 0.544560 
d_297 d297 0.131670 0.361637 0.506693 
d_298 d298 0.395284 0.296669 0.308047 
d_299 d299 0.130037 0.376457 0.493506 
d_300 d300 0.173753 0.378928 0.447319 
d_301 d301 0.594473 0.281808 0.123719 
d_302 d302 0.064019 0.458339 0.477641 
d_303 d303 0.386207 0.361594 0.252199 
d_304 d304 0.259875 0.290805 0.449320 
d_305 d305 0.323128 0.407322 0.269550 
d_306 d306 0.135306 0.475761 0.388933 
d_307 d307 0.088843 0.393025 0.518132 
d_308 d308 0.275161 0.262329 0.462509 
d_309 d309 0.379072 0.364238 0.256691 
d_310 d310 0.070309 0.300094 0.629598 
d_311 d311 0.326182 0.340485 0.333333 
d_312 d312 0.229991 0.397922 0.372087 
d_313 d313 0.169046 0.243367 0.587587 
d_314 d314 0.291916 0.429723 0.278361 
d_315 d315 0.122861 0.385089 0.492050 
d_316 d316 0.289695 0.371517 0.338788 
d_317 d317 0.174744 0.462335 0.362921 
d_318 d318 0.213724 0.351320 0.434957 
d_319 d319 0.111645 0.414619 0.473736 
d_320 d320 0.142788 0.379453 0.477760 
d_321 d321 0.292747 0.412070 0.295182 
d_322 d322 0.083631 0.384779 0.531589 
d_323 d323 0.110535 0.339437 0.550028 
d_324 d324 0.180683 0.535916 0.283401 
d_325 d325 0.342735 0.377989 0.279276 
d_326 d326 0.211049 0.348619 0.440332 
d_327 d327 0.314576 0.356039 0.329384 
d_328 d328 0.203229 0.508896 0.287875 
d_329 d329 0.123736 0.366428 0.509836 
d_330 d330 0.370413 0.282076 0.347511 
d_331 d331 0.122005 0.454587 0.423408 
d_332 d332 0.110174 0.387883 0.501942 
d_333 d333 0.190040 0.514705 0.295255 
d_334 d334 0.224288 0.417214 0.358498 
d_335 d335 0.091356 0.411787 0.496857 
d_336 d336 0.396533 0.307310 0.296157 
d_337 d337 0.215776 0.389556 0.394667 
d_338 d338 0.201843 0.494342 0.303815 
d_339 d339 0.177740 0.358429 0.463831 
d_340 d340 0.517126 0.151927 0.330946 
d_341 d341 0.109613 0.393566 0.496821 
d_342 d342 0.368106 0.334724 0.297169 
d_343 d343 0.281000 0.455444 0.263556 
d_344 d344 0.161666 0.383731 0.454603 
d_345 d345 0.134598 0.348212 0.517190 
d_346 d346 0.237365 0.455312 0.307323 
d_347 d347 0.166266 0.296716 0.537018 
d_348 d348 0.156908 0.475022 0.368070 
d_349 d349 0.169679 0.460079 0.370243 
d_350 d350 0.119028 0.349406 0.531565 
d_351 d351 0.321868 0.291292 0.386840 
d_352 d352 0.281952 0.447105 0.270942 
d_353 d353 0.263139 0.328775 0.408086 
d_354 d354 0.303918 0.366950 0.329131 
d_355 d355 0.293428 0.270981 0.435590 
d_356 d356 0.266231 0.375898 0.357871 
d_357 d357 0.284078 0.341900 0.374023 
d_358 d358 0.163327 0.381906 0.454766 
d_359 d359 0.267356 0.354090 0.378554 
d_360 d360 0.158171 0.346807 0.495022 
d_361 d361 0.354557 0.316355 0.329089 
d_362 d362 0.373247 0.250180 0.376573 
d_363 d363 0.451387 0.279366 0.269247 
d_364 d364 0.104847 0.363136 0.532017 
d_365 d365 0.069048 0.303968 0.626983 
d_366 d366 0.185650 0.304262 0.510088 
d_367 d367 0.121937 0.365098 0.512966 
d_368 d368 0.214772 0.300932 0.484296 
d_369 d369 0.125319 0.301935 0.572746 
d_370 d370 0.206784 0.391335 0.401881 
d_371 d371 0.130636 0.394441 0.474924 
d_372 d372 0.304604 0.267665 0.427731 
d_373 d373 0.064059 0.440027 0.495914 
d_374 d374 0.165170 0.371552 0.463278 
d_375 d375 0.198653 0.323304 0.478043 
d_376 d376 0.170681 0.375308 0.454011 
d_377 d377 0.333333 0.333333 0.333333 
d_378 d378 0.130330 0.427347 0.442323 
d_379 d379 0.213616 0.235165 0.551219 
d_380 d380 0.180182 0.359369 0.460449 
d_381 d381 0.307966 0.442607 0.249427 
d_382 d382 0.335287 0.317707 0.347007 
d_383 d383 0.351407 0.304416 0.344177 
d_384 d384 0.234626 0.359309 0.406065 
d_385 d385 0.312294 0.236552 0.451154 
d_386 d386 0.197143 0.421457 0.381401 
d_387 d387 0.272486 0.295889 0.431625 
d_388 d388 0.160641 0.428219 0.411140 
d_389 d389 0.191357 0.262345 0.546298 
d_390 d390 0.182583 0.436974 0.380443 
d_391 d391 0.218044 0.375257 0.406699 
d_392 d392 0.179892 0.428788 0.391320 
d_393 d393 0.456168 0.299728 0.244105 
d_394 d394 0.155407 0.379403 0.465189 
d_395 d395 0.436461 0.285840 0.277699 
d_396 d396 0.290834 0.299334 0.409831 
d_397 d397 0.213559 0.276353 0.510088 
d_398 d398 0.198285 0.291359 0.510357 
d_399 d399 0.263902 0.318716 0.417382 
d_400 d400 0.146555 0.512758 0.340687 
d_401 d401 0.163516 0.396732 0.439752 
d_402 d402 0.274779 0.399125 0.326096 
d_403 d403 0.264451 0.294328 0.441222 
d_404 d404 0.213969 0.223647 0.562384 
d_405 d405 0.048546 0.449897 0.501556 
d_406 d406 0.225306 0.411412 0.363281 
d_407 d407 0.451474 0.292917 0.255609 
d_408 d408 0.325417 0.194802 0.479781 
d_409 d409 0.364626 0.352891 0.282483 
d_410 d410 0.432143 0.225541 0.342316 
d_411 d411 0.296073 0.322900 0.381027 
d_412 d412 0.255937 0.431332 0.312731 
d_413 d413 0.093943 0.370641 0.535416 
d_414 d414 0.423530 0.294803 0.281667 
d_415 d415 0.133181 0.326807 0.540012 
d_416 d416 0.147206 0.284436 0.568358 
d_417 d417 0.178098 0.450552 0.371350 
d_418 d418 0.215936 0.372466 0.411598 
d_419 d419 0.282283 0.383472 0.334245 
d_420 d420 0.150963 0.344061 0.504976 
d_421 d421 0.230959 0.418645 0.350396 
d_422 d422 0.071235 0.514899 0.413866 
d_423 d423 0.443601 0.300045 0.256354 
d_424 d424 0.260955 0.241051 0.497995 
d_425 d425 0.122584 0.383783 0.493633 
d_426 d426 0.190010 0.366490 0.443500 
d_427 d427 0.357903 0.346925 0.295172 
d_428 d428 0.170742 0.346191 0.483067 
d_429 d429 0.285844 0.285844 0.428312 
d_430 d430 0.332035 0.308656 0.359309 
d_431 d431 0.283473 0.309869 0.406658 
d_432 d432 0.195434 0.438786 0.365780 
d_433 d433 0.208094 0.423992 0.367914 
d_434 d434 0.210184 0.438141 0.351675 
d_435 d435 0.292039 0.333333 0.374627 
d_436 d436 0.241352 0.285386 0.473262 
d_437 d437 0.135498 0.405485 0.459017 
d_438 d438 0.138940 0.381651 0.479409 
d_439 d439 0.214630 0.241338 0.544031 
d_440 d440 0.308468 0.325045 0.366487 
d_441 d441 0.150914 0.530288 0.318798 
d_442 d442 0.237313 0.501903 0.260785 
d_443 d443 0.103230 0.478728 0.418042 
d_444 d444 0.162999 0.324901 0.512101 
d_445 d445 0.330336 0.393276 0.276387 
d_446 d446 0.484707 0.201812 0.313481 
d_447 d447 0.073750 0.351444 0.574806 
d_448 d448 0.360317 0.360317 0.279366 
d_449 d449 0.279855 0.433873 0.286272 
d_450 d450 0.117325 0.419145 0.463530 
d_451 d451 0.340285 0.268782 0.390933 
d_452 d452 0.330946 0.323786 0.345268 
d_453 d453 0.333333 0.327741 0.338925 
d_454 d454 0.289348 0.423794 0.286858 
d_455 d455 0.242924 0.439043 0.318033 
d_456 d456 0.127538 0.414539 0.457923 
d_457 d457 0.282951 0.348543 0.368506 
d_458 d458 0.260749 0.315187 0.424064 
d_459 d459 0.181634 0.305350 0.513016 
d_460 d460 0.174044 0.346390 0.479567 
d_461 d461 0.243387 0.339431 0.417181 
d_462 d462 0.134714 0.337306 0.527981 
d_463 d463 0.197597 0.281847 0.520555 
d_464 d464 0.329676 0.364790 0.305534 
d_465 d465 0.373335 0.360703 0.265961 
d_466 d466 0.090805 0.595834 0.313360 
d_467 d467 0.449003 0.311645 0.239352 
d_468 d468 0.398397 0.268269 0.333333 
d_469 d469 0.177430 0.330102 0.492467 
d_470 d470 0.139410 0.410001 0.450589 
d_471 d471 0.174930 0.403031 0.422039 
d_472 d472 0.155805 0.629511 0.214684 
d_473 d473 0.216690 0.263004 0.520305 
d_474 d474 0.207125 0.331736 0.461139 
d_475 d475 0.161751 0.274421 0.563828 
d_476 d476 0.301193 0.338278 0.360529 
d_477 d477 0.202300 0.202300 0.595400 
d_478 d478 0.086775 0.466511 0.446714 
d_479 d479 0.363149 0.309964 0.326887 
d_480 d480 0.184677 0.509018 0.306305 
d_481 d481 0.157641 0.441452 0.400907 
d_482 d482 0.348674 0.348674 0.302651 
d_483 d483 0.385167 0.284549 0.330284 
d_484 d484 0.135789 0.394296 0.469914 
d_485 d485 0.180639 0.407499 0.411862 
d_486 d486 0.065835 0.360745 0.573420 
d_487 d487 0.450092 0.324450 0.225458 
d_488 d488 0.194470 0.340642 0.464888 
d_489 d489 0.126774 0.414670 0.458556 
d_490 d490 0.141055 0.354698 0.504247 
d_491 d491 0.185255 0.454299 0.360446 
d_492 d492 0.257240 0.410979 0.331780 
d_493 d493 0.420086 0.318875 0.261040 
d_494 d494 0.106480 0.431453 0.462067 
d_495 d495 0.242966 0.365865 0.391168 
d_496 d496 0.197597 0.281847 0.520555 
d_497 d497 0.438603 0.251989 0.309408 
d_498 d498 0.187731 0.366750 0.445519 
d_499 d499 0.096524 0.480539 0.422937 
d_500 d500 0.172284 0.359309 0.468407 
d_501 d501 0.145732 0.393094 0.461175 
d_502 d502 0.373863 0.320138 0.305999 
d_503 d503 0.218069 0.386026 0.395905 
d_504 d504 0.450292 0.245285 0.304422 
d_505 d505 0.261628 0.364884 0.373488 
d_506 d506 0.287144 0.333333 0.379523 
d_507 d507 0.270103 0.257623 0.472274 
d_508 d508 0.448033 0.266928 0.285039 
d_509 d509 0.366725 0.361716 0.271559 
d_510 d510 0.142749 0.357864 0.499387 
d_511 d511 0.368754 0.317394 0.313852 
d_512 d512 0.189052 0.370780 0.440167 
d_513 d513 0.108523 0.337969 0.553508 
d_514 d514 0.239212 0.353403 0.407384 
d_515 d515 0.166266 0.317313 0.516421 
d_516 d516 0.295898 0.350447 0.353655 
d_517 d517 0.180994 0.355096 0.463910 
d_518 d518 0.339114 0.343450 0.317436 
d_519 d519 0.186785 0.611004 0.202211 
d_520 d520 0.299107 0.408204 0.292689 
d_521 d521 0.127223 0.401553 0.471224 
d_522 d522 0.251656 0.284327 0.464017 
d_523 d523 0.455325 0.242174 0.302500 
d_524 d524 0.313611 0.452826 0.233562 
d_525 d525 0.201716 0.353311 0.444973 
d_526 d526 0.311654 0.263221 0.425125 
d_527 d527 0.203733 0.479375 0.316892 
d_528 d528 0.259310 0.490445 0.250245 
d_529 d529 0.161617 0.359053 0.479330 
d_530 d530 0.212386 0.390447 0.397167 
d_531 d531 0.235841 0.468013 0.296146 
d_532 d532 0.364143 0.314374 0.321484 
d_533 d533 0.232771 0.335728 0.431502 
d_534 d534 0.301401 0.366717 0.331882 
d_535 d535 0.176845 0.418913 0.404242 
d_536 d536 0.404884 0.285078 0.310038 
d_537 d537 0.266344 0.266344 0.467313 
d_538 d538 0.331063 0.331063 0.337874 
d_539 d539 0.129296 0.342090 0.528613 
d_540 d540 0.148750 0.559513 0.291737 
d_541 d541 0.214007 0.248100 0.537893 
d_542 d542 0.340191 0.371050 0.288759 
d_543 d543 0.346492 0.371165 0.282342 
d_544 d544 0.254030 0.451774 0.294196 
d_545 d545 0.499495 0.275875 0.224629 
d_546 d546 0.187359 0.410979 0.401662 
d_547 d547 0.345933 0.260887 0.393181 
d_548 d548 0.179552 0.316557 0.503891 
d_549 d549 0.204335 0.491589 0.304076 
d_550 d550 0.121365 0.375727 0.502908 
d_551 d551 0.349973 0.352469 0.297558 
d_552 d552 0.121254 0.289744 0.589002 
d_553 d553 0.151134 0.356876 0.491990 
d_554 d554 0.264365 0.344541 0.391094 
d_555 d555 0.496688 0.229876 0.273437 
d_556 d556 0.302474 0.323047 0.374479 
d_557 d557 0.087998 0.272000 0.640002 
d_558 d558 0.220079 0.456186 0.323735 
d_559 d559 0.243387 0.490357 0.266255 
d_560 d560 0.254881 0.379323 0.365796 
d_561 d561 0.136186 0.341043 0.522771 
d_562 d562 0.169901 0.359599 0.470500 
d_563 d563 0.154838 0.435331 0.409831 
d_564 d564 0.309684 0.436378 0.253938 
d_565 d565 0.404765 0.298974 0.296261 
d_566 d566 0.207631 0.241003 0.551365 
d_567 d567 0.144992 0.320027 0.534981 
d_568 d568 0.373031 0.302082 0.324887 
d_569 d569 0.159804 0.377464 0.462732 
d_570 d570 0.424684 0.182365 0.392952 
d_571 d571 0.215468 0.487465 0.297067 
d_572 d572 0.134598 0.290823 0.574579 
d_573 d573 0.325333 0.349335 0.325333 
d_574 d574 0.275793 0.326050 0.398157 
d_575 d575 0.267566 0.357512 0.374921 
d_576 d576 0.211899 0.328231 0.459870 
d_577 d577 0.090788 0.409752 0.499460 
d_578 d578 0.258737 0.416218 0.325045 
d_579 d579 0.244834 0.252799 0.502367 
d_580 d580 0.243261 0.465792 0.290946 
d_581 d581 0.146711 0.320148 0.533141 
d_582 d582 0.245713 0.295566 0.458720 
d_583 d583 0.366380 0.355944 0.277676 
d_584 d584 0.351583 0.253034 0.395383 
d_585 d585 0.456108 0.359004 0.184888 
d_586 d586 0.167613 0.259759 0.572628 
d_587 d587 0.213522 0.418913 0.367565 
d_588 d588 0.192851 0.405661 0.401488 
d_589 d589 0.435613 0.269408 0.294978 
d_590 d590 0.330465 0.353411 0.316124 
d_591 d591 0.290451 0.419098 0.290451 
d_592 d592 0.186170 0.426518 0.387312 
d_593 d593 0.148069 0.442979 0.408951 
d_594 d594 0.200820 0.432480 0.366700 
d_595 d595 0.168312 0.338744 0.492944 
d_596 d596 0.276791 0.361604 0.361604 
d_597 d597 0.140435 0.390188 0.469377 
d_598 d598 0.238890 0.385614 0.375495 
d_599 d599 0.097493 0.457053 0.445454 
d_600 d600 0.361174 0.303352 0.335475 
d_601 d601 0.066285 0.401458 0.532257 
d_602 d602 0.200421 0.511630 0.287949 
d_603 d603 0.144767 0.416876 0.438358 
d_604 d604 0.098385 0.511091 0.390525 
d_605 d605 0.224069 0.415282 0.360650 
d_606 d606 0.338118 0.384772 0.277110 
d_607 d607 0.175557 0.404940 0.419504 
d_608 d608 0.116015 0.361219 0.522766 
d_609 d609 0.199812 0.359373 0.440816 
d_610 d610 0.361133 0.311544 0.327323 
d_611 d611 0.260889 0.361604 0.377507 
d_612 d612 0.351753 0.296495 0.351753 
d_613 d613 0.350837 0.287823 0.361340 
d_614 d614 0.222137 0.406489 0.371374 
d_615 d615 0.218252 0.249324 0.532424 
d_616 d616 0.250307 0.238985 0.510709 
d_617 d617 0.245923 0.398186 0.355891 
d_618 d618 0.165098 0.485546 0.349356 
d_619 d619 0.204341 0.349977 0.445681 
d_620 d620 0.223997 0.294689 0.481314 
d_621 d621 0.151906 0.316500 0.531594 
d_622 d622 0.187419 0.494373 0.318208 
d_623 d623 0.120305 0.367288 0.512407 
d_624 d624 0.248583 0.305790 0.445627 
d_625 d625 0.206933 0.368651 0.424416 
d_626 d626 0.283378 0.362552 0.354069 
d_627 d627 0.364046 0.248872 0.387081 
d_628 d628 0.243321 0.357281 0.399397 
d_629 d629 0.399834 0.181150 0.419017 
d_630 d630 0.146275 0.316246 0.537479 
d_631 d631 0.274841 0.386119 0.339040 
d_632 d632 0.182978 0.319539 0.497483 
d_633 d633 0.325944 0.322249 0.351807 
d_634 d634 0.125693 0.615511 0.258796 
d_635 d635 0.097639 0.351591 0.550770 
d_636 d636 0.282074 0.374921 0.343005 
d_637 d637 0.263406 0.306373 0.430220 
d_638 d638 0.474778 0.265926 0.259296 
d_639 d639 0.251773 0.467798 0.280429 
d_640 d640 0.109019 0.409440 0.481541 
d_641 d641 0.227135 0.361925 0.410940 
d_642 d642 0.432284 0.317501 0.250214 
d_643 d643 0.339274 0.324422 0.336304 
d_644 d644 0.193319 0.313331 0.493349 
d_645 d645 0.429331 0.350599 0.220070 
d_646 d646 0.389860 0.377299 0.232841 
d_647 d647 0.143705 0.286721 0.569575 
d_648 d648 0.261176 0.430295 0.308529 
d_649 d649 0.204817 0.360333 0.434851 
d_650 d650 0.234152 0.313497 0.452351 
d_651 d651 0.374506 0.315998 0.309497 
d_652 d652 0.256069 0.419377 0.324553 
d_653 d653 0.240060 0.338141 0.421799 
d_654 d654 0.314025 0.349978 0.335997 
d_655 d655 0.176412 0.366959 0.456629 
d_656 d656 0.249255 0.433002 0.317743 
d_657 d657 0.141064 0.349356 0.509580 
d_658 d658 0.331937 0.382219 0.285844 
d_659 d659 0.312193 0.348040 0.339767 
d_660 d660 0.231765 0.466153 0.302082 
d_661 d661 0.123007 0.412036 0.464957 
d_662 d662 0.169225 0.389323 0.441452 
d_663 d663 0.177810 0.279465 0.542726 
d_664 d664 0.410979 0.289852 0.299169 
d_665 d665 0.320806 0.276960 0.402234 
d_666 d666 0.266811 0.323355 0.409834 
d_667 d667 0.222643 0.548888 0.228469 
d_668 d668 0.221704 0.332183 0.446113 
d_669 d669 0.317781 0.338777 0.343443 
d_670 d670 0.251523 0.276567 0.471909 
d_671 d671 0.237754 0.483530 0.278717 
d_672 d672 0.348171 0.330366 0.321463 
d_673 d673 0.268700 0.293378 0.437922 
d_674 d674 0.300910 0.405662 0.293428 
d_675 d675 0.182126 0.379217 0.438657 
d_676 d676 0.125543 0.400744 0.473713 
d_677 d677 0.242861 0.327679 0.429460 
d_678 d678 0.378362 0.278825 0.342813 
d_679 d679 0.166356 0.406164 0.427480 
d_680 d680 0.192637 0.379671 0.427693 
d_681 d681 0.076962 0.366906 0.556132 
d_682 d682 0.255742 0.429398 0.314859 
d_683 d683 0.270163 0.339561 0.390275 
d_684 d684 0.194383 0.282450 0.523166 
d_685 d685 0.332183 0.421946 0.245871 
d_686 d686 0.141457 0.444914 0.413629 
d_687 d687 0.208006 0.384487 0.407507 
d_688 d688 0.234490 0.314728 0.450782 
d_689 d689 0.200309 0.257319 0.542372 
d_690 d690 0.334384 0.302870 0.362746 
d_691 d691 0.150199 0.345798 0.504003 
d_692 d692 0.294869 0.384205 0.320926 
d_693 d693 0.265043 0.483572 0.251385 
d_694 d694 0.113855 0.443073 0.443073 
d_695 d695 0.119185 0.309424 0.571391 
d_696 d696 0.304494 0.288125 0.407381 
d_697 d697 0.378214 0.395775 0.226011 
d_698 d698 0.287228 0.320160 0.392612 
d_699 d699 0.277709 0.391325 0.330966 
d_700 d700 0.278869 0.424880 0.296251 
d_701 d701 0.228270 0.353762 0.417968 
d_702 d702 0.250241 0.321463 0.428296 
d_703 d703 0.189345 0.436743 0.373912 
d_704 d704 0.229250 0.300070 0.470680 
d_705 d705 0.218794 0.248353 0.532853 
d_706 d706 0.186056 0.292951 0.520993 
d_707 d707 0.288028 0.338367 0.373605 
d_708 d708 0.476982 0.243040 0.279978 
d_709 d709 0.205030 0.471168 0.323802 
d_710 d710 0.175657 0.402452 0.421891 
d_711 d711 0.121693 0.366453 0.511854 
d_712 d712 0.168992 0.348621 0.482387 
d_713 d713 0.385704 0.252907 0.361389 
d_714 d714 0.195818 0.366695 0.437487 
d_715 d715 0.154572 0.469592 0.375836 
d_716 d716 0.188762 0.269245 0.541993 
d_717 d717 0.202889 0.371204 0.425906 
d_718 d718 0.277606 0.295927 0.426467 
d_719 d719 0.225672 0.298457 0.475871 
d_720 d720 0.292285 0.230712 0.477003 
d_721 d721 0.170334 0.342922 0.486744 
d_722 d722 0.350974 0.269557 0.379469 
d_723 d723 0.366963 0.311208 0.321828 
d_724 d724 0.091623 0.458720 0.449656 
d_725 d725 0.272277 0.316490 0.411232 
d_726 d726 0.206647 0.313958 0.479395 
d_727 d727 0.233765 0.462186 0.304049 
d_728 d728 0.191828 0.349233 0.458940 
d_729 d729 0.182444 0.483121 0.334435 
d_730 d730 0.325534 0.377529 0.296937 
d_731 d731 0.198330 0.459455 0.342215 
d_732 d732 0.225884 0.353712 0.420404 
d_733 d733 0.211753 0.351213 0.437034 
d_734 d734 0.221050 0.460307 0.318642 
d_735 d735 0.385968 0.423864 0.190168 
d_736 d736 0.079604 0.319124 0.601272 
d_737 d737 0.551533 0.194479 0.253988 
d_738 d738 0.051952 0.417382 0.530666 
d_739 d739 0.290451 0.331802 0.377747 
d_740 d740 0.430070 0.282921 0.287009 
d_741 d741 0.313520 0.369832 0.316648 
d_742 d742 0.126052 0.537923 0.336025 
d_743 d743 0.164327 0.482785 0.352888 
d_744 d744 0.219926 0.343643 0.436431 
d_745 d745 0.224512 0.415148 0.360340 
d_746 d746 0.141311 0.494538 0.364152 
d_747 d747 0.200288 0.403182 0.396530 
d_748 d748 0.244322 0.358204 0.397474 
d_749 d749 0.096756 0.363808 0.539436 
d_750 d750 0.366419 0.316791 0.316791 
d_751 d751 0.075958 0.514368 0.409673 
d_752 d752 0.303577 0.183259 0.513164 
d_753 d753 0.148605 0.311089 0.540307 
d_754 d754 0.199618 0.314231 0.486151 
d_755 d755 0.135425 0.351325 0.513250 
d_756 d756 0.154714 0.340820 0.504465 
d_757 d757 0.341361 0.189976 0.468662 
d_758 d758 0.256966 0.325151 0.417883 
d_759 d759 0.153540 0.325283 0.521177 
d_760 d760 0.138794 0.534904 0.326302 
d_761 d761 0.127250 0.468080 0.404670 
d_762 d762 0.142059 0.516747 0.341194 
d_763 d763 0.099096 0.357607 0.543298 
d_764 d764 0.200523 0.423886 0.375591 
d_765 d765 0.145751 0.383969 0.470280 
d_766 d766 0.126997 0.292300 0.580703 
d_767 d767 0.135376 0.490280 0.374344 
d_768 d768 0.150188 0.321547 0.528265 
d_769 d769 0.356265 0.295114 0.348621 
d_770 d770 0.240832 0.284533 0.474635 
d_771 d771 0.121629 0.354504 0.523867 
d_772 d772 0.291220 0.283198 0.425582 
d_773 d773 0.279987 0.308651 0.411362 
d_774 d774 0.186922 0.369316 0.443762 
d_775 d775 0.256327 0.398018 0.345654 
d_776 d776 0.290309 0.290309 0.419382 
d_777 d777 0.280183 0.304714 0.415103 
d_778 d778 0.309864 0.309864 0.380273 
d_779 d779 0.162224 0.418888 0.418888 
d_780 d780 0.215383 0.250270 0.534347 
d_781 d781 0.156461 0.269626 0.573913 
d_782 d782 0.404322 0.228719 0.366959 
d_783 d783 0.044922 0.474427 0.480652 
d_784 d784 0.306305 0.354956 0.338739 
d_785 d785 0.202830 0.359434 0.437736 
d_786 d786 0.196659 0.372383 0.430958 
d_787 d787 0.129661 0.458213 0.412126 
d_788 d788 0.214788 0.385767 0.399445 
d_789 d789 0.261040 0.387553 0.351407 
d_790 d790 0.345559 0.268537 0.385904 
d_791 d791 0.106108 0.333333 0.560558 
d_792 d792 0.242084 0.389908 0.368008 
d_793 d793 0.204498 0.374823 0.420679 
d_794 d794 0.164385 0.362462 0.473153 
d_795 d795 0.174507 0.368329 0.457164 
d_796 d796 0.321063 0.335787 0.343150 
d_797 d797 0.217358 0.311469 0.471173 
d_798 d798 0.433677 0.318676 0.247646 
d_799 d799 0.091724 0.384535 0.523741 
d_800 d800 0.206699 0.327416 0.465886 
d_801 d801 0.234046 0.304450 0.461504 
d_802 d802 0.091243 0.366725 0.542032 
d_803 d803 0.278083 0.410684 0.311233 
d_804 d804 0.290608 0.342828 0.366564 
d_805 d805 0.233846 0.324006 0.442147 
d_806 d806 0.131974 0.413877 0.454149 
d_807 d807 0.068267 0.334297 0.597436 
d_808 d808 0.269065 0.410142 0.320793 
d_809 d809 0.160897 0.248441 0.590662 
d_810 d810 0.306681 0.275393 0.417927 
d_811 d811 0.068545 0.464513 0.466942 
d_812 d812 0.110794 0.383540 0.505665 
d_813 d813 0.191804 0.364439 0.443758 
d_814 d814 0.310430 0.390591 0.298979 
d_815 d815 0.256185 0.379738 0.364077 
d_816 d816 0.293077 0.245405 0.461518 
d_817 d817 0.132340 0.335755 0.531905 
d_818 d818 0.397632 0.338629 0.263739 
d_819 d819 0.156218 0.399212 0.444570 
d_820 d820 0.206629 0.387022 0.406350 
d_821 d821 0.342735 0.307480 0.349786 
d_822 d822 0.120691 0.275340 0.603969 
d_823 d823 0.203455 0.448925 0.347620 
d_824 d824 0.319188 0.280996 0.399816 
d_825 d825 0.331780 0.313145 0.355074 
d_826 d826 0.306733 0.345555 0.347712 
d_827 d827 0.279963 0.238195 0.481842 
d_828 d828 0.080558 0.350918 0.568524 
d_829 d829 0.088964 0.339222 0.571814 
d_830 d830 0.254242 0.307820 0.437939 
d_831 d831 0.197601 0.494461 0.307938 
d_832 d832 0.122728 0.503855 0.373416 
d_833 d833 0.233594 0.254777 0.511629 
d_834 d834 0.355002 0.396369 0.248629 
d_835 d835 0.093660 0.479957 0.426383 
d_836 d836 0.209047 0.313101 0.477852 
d_837 d837 0.370296 0.361055 0.268648 
d_838 d838 0.126075 0.533157 0.340769 
d_839 d839 0.184180 0.396907 0.418913 
d_840 d840 0.221396 0.276447 0.502156 
d_841 d841 0.223663 0.332404 0.443933 
d_842 d842 0.337689 0.298489 0.363822 
d_843 d843 0.227416 0.355739 0.416845 
d_844 d844 0.174771 0.311354 0.513874 
d_845 d845 0.152852 0.575623 0.271525 
d_846 d846 0.236527 0.513981 0.249492 
d_847 d847 0.229231 0.423501 0.347268 
d_848 d848 0.165859 0.345296 0.488845 
d_849 d849 0.186269 0.379001 0.434730 
d_850 d850 0.140738 0.388361 0.470901 
d_851 d851 0.269650 0.474851 0.255499 
d_852 d852 0.530441 0.238619 0.230940 
d_853 d853 0.295860 0.278295 0.425845 
d_854 d854 0.110546 0.473786 0.415668 
d_855 d855 0.349406 0.344049 0.306545 
d_856 d856 0.195209 0.331585 0.473206 
d_857 d857 0.232831 0.333333 0.433836 
d_858 d858 0.036749 0.439918 0.523333 
d_859 d859 0.121151 0.437199 0.441650 
d_860 d860 0.259725 0.297798 0.442477 
d_861 d861 0.346350 0.307300 0.346350 
d_862 d862 0.232546 0.502618 0.264837 
d_863 d863 0.168565 0.340497 0.490938 
d_864 d864 0.298575 0.393912 0.307513 
d_865 d865 0.224700 0.291729 0.483570 
d_866 d866 0.198252 0.337874 0.463874 
d_867 d867 0.222422 0.530200 0.247377 
d_868 d868 0.413434 0.282984 0.303582 
d_869 d869 0.068644 0.454864 0.476492 
d_870 d870 0.210147 0.336575 0.453278 
d_871 d871 0.139860 0.368465 0.491675 
d_872 d872 0.178555 0.323015 0.498431 
d_873 d873 0.112476 0.406539 0.480985 
d_874 d874 0.152965 0.426651 0.420384 
d_875 d875 0.178893 0.432616 0.388491 
d_876 d876 0.305137 0.406645 0.288218 
d_877 d877 0.384504 0.274376 0.341120 
d_878 d878 0.189310 0.408388 0.402302 
d_879 d879 0.146057 0.348779 0.505165 
d_880 d880 0.314496 0.484031 0.201473 
d_881 d881 0.324541 0.284976 0.390482 
d_882 d882 0.263740 0.415320 0.320940 
d_883 d883 0.161618 0.340163 0.498219 
d_884 d884 0.133320 0.373336 0.493344 
d_885 d885 0.195194 0.359234 0.445572 
d_886 d886 0.139811 0.501362 0.358827 
d_887 d887 0.399692 0.207726 0.392582 
d_888 d888 0.343814 0.390978 0.265208 
d_889 d889 0.153540 0.333333 0.513127 
d_890 d890 0.368070 0.318707 0.313223 
d_891 d891 0.192542 0.422928 0.384530 
d_892 d892 0.199668 0.378214 0.422118 
d_893 d893 0.175668 0.291260 0.533072 
d_894 d894 0.237454 0.306633 0.455914 
d_895 d895 0.219214 0.387281 0.393506 
d_896 d896 0.231025 0.338449 0.430526 
d_897 d897 0.155900 0.383337 0.460763 
d_898 d898 0.090805 0.283401 0.625794 
d_899 d899 0.369343 0.271135 0.359522 
d_900 d900 0.205763 0.321943 0.472293 
d_901 d901 0.439605 0.320049 0.240345 
d_902 d902 0.253460 0.348651 0.397888 
d_903 d903 0.174329 0.485425 0.340247 
d_904 d904 0.090694 0.445776 0.463530 
d_905 d905 0.187782 0.366008 0.446210 
d_906 d906 0.084678 0.374927 0.540395 
d_907 d907 0.326874 0.368857 0.304268 
d_908 d908 0.304494 0.398028 0.297478 
d_909 d909 0.276791 0.340401 0.382808 
d_910 d910 0.309083 0.329869 0.361049 
d_911 d911 0.185337 0.362419 0.452243 
d_912 d912 0.347717 0.265523 0.386760 
d_913 d913 0.378029 0.302605 0.319366 
d_914 d914 0.241343 0.312307 0.446350 
d_915 d915 0.222912 0.301964 0.475124 
d_916 d916 0.200411 0.399794 0.399794 
d_917 d917 0.267984 0.377890 0.354126 
d_918 d918 0.409221 0.309424 0.281356 
d_919 d919 0.164541 0.408211 0.427248 
d_920 d920 0.447530 0.250281 0.302189 
d_921 d921 0.253685 0.376221 0.370094 
d_922 d922 0.083836 0.381964 0.534200 
d_923 d923 0.104517 0.336980 0.558503 
d_924 d924 0.352342 0.336501 0.311157 
d_925 d925 0.149393 0.376613 0.473993 
d_926 d926 0.090484 0.624371 0.285145 
d_927 d927 0.199714 0.398882 0.401403 
d_928 d928 0.091802 0.374165 0.534032 
d_929 d929 0.213851 0.393074 0.393074 
d_930 d930 0.161356 0.308765 0.529879 
d_931 d931 0.297280 0.353711 0.349009 
d_932 d932 0.284549 0.380593 0.334858 
d_933 d933 0.190830 0.352834 0.456336 
d_934 d934 0.147248 0.337469 0.515283 
d_935 d935 0.277243 0.414517 0.308240 
d_936 d936 0.093267 0.378266 0.528468 
d_937 d937 0.146340 0.424752 0.428908 
d_938 d938 0.126424 0.329639 0.543937 
d_939 d939 0.279628 0.318818 0.401553 
d_940 d940 0.176941 0.318785 0.504274 
d_941 d941 0.256628 0.357304 0.386068 
d_942 d942 0.145762 0.359001 0.495237 
d_943 d943 0.113568 0.363934 0.522498 
d_944 d944 0.112556 0.306114 0.581330 
d_945 d945 0.256895 0.383018 0.360087 
d_946 d946 0.154897 0.481526 0.363577 
d_947 d947 0.351273 0.445454 0.203274 
d_948 d948 0.094215 0.355751 0.550034 
d_949 d949 0.137231 0.334961 0.527808 
d_950 d950 0.221589 0.383250 0.395162 
d_951 d951 0.189030 0.340316 0.470654 
d_952 d952 0.214716 0.446164 0.339120 
d_953 d953 0.176869 0.255101 0.568029 
d_954 d954 0.372214 0.374927 0.252860 
d_955 d955 0.104969 0.256162 0.638869 
d_956 d956 0.244580 0.383646 0.371774 
d_957 d957 0.220367 0.384833 0.394800 
d_958 d958 0.238698 0.334612 0.426690 
d_959 d959 0.102069 0.293331 0.604600 
d_960 d960 0.431052 0.247050 0.321898 
d_961 d961 0.195795 0.349052 0.455153 
d_962 d962 0.357875 0.343150 0.298975 
d_963 d963 0.245533 0.406207 0.348259 
d_964 d964 0.323659 0.232965 0.443376 
d_965 d965 0.107261 0.376771 0.515968 
d_966 d966 0.389921 0.360652 0.249427 
d_967 d967 0.347191 0.381835 0.270974 
d_968 d968 0.349534 0.400346 0.250120 
d_969 d969 0.276396 0.343236 0.380369 
d_970 d970 0.201684 0.343963 0.454352 
d_971 d971 0.397295 0.246899 0.355806 
d_972 d972 0.135275 0.644568 0.220157 
d_973 d973 0.208701 0.333333 0.457966 
d_974 d974 0.385815 0.293972 0.320213 
d_975 d975 0.292464 0.287924 0.419612 
d_976 d976 0.378480 0.399001 0.222519 
d_977 d977 0.219721 0.320710 0.459569 
d_978 d978 0.242691 0.505653 0.251656 
d_979 d979 0.167020 0.385510 0.447470 
d_980 d980 0.099542 0.303466 0.596993 
d_981 d981 0.273059 0.436054 0.290887 
d_982 d982 0.186490 0.334879 0.478630 
d_983 d983 0.180824 0.263329 0.555847 
d_984 d984 0.443340 0.312082 0.244578 
d_985 d985 0.131734 0.399871 0.468395 
d_986 d986 0.236970 0.240496 0.522534 
d_987 d987 0.279865 0.262043 0.458092 
d_988 d988 0.231983 0.323467 0.444549 
d_989 d989 0.211119 0.291601 0.497280 
d_990 d990 0.107424 0.410990 0.481586 
d_991 d991 0.332346 0.361963 0.305691 
d_992 d992 0.157112 0.402952 0.439936 
d_993 d993 0.195532 0.370916 0.433553 
d_994 d994 0.132389 0.323052 0.544558 
d_995 d995 0.129751 0.334911 0.535338 
d_996 d996 0.152871 0.500765 0.346363 
d_997 d997 0.294242 0.479925 0.225833 
d_998 d998 0.116564 0.355941 0.527495 
d_999 d999 0.281259 0.377123 0.341618 
d_1000 d1000 0.248797 0.324340 0.426863 
d_1001 d1001 0.422118 0.348944 0.228938 
d_1002 d1002 0.233325 0.417211 0.349464 
d_1003 d1003 0.225939 0.392716 0.381345 
d_1004 d1004 0.311281 0.239369 0.449350 
d_1005 d1005 0.389753 0.478613 0.131634 
d_1006 d1006 0.235154 0.519267 0.245580 
d_1007 d1007 0.384517 0.399281 0.216202 
d_1008 d1008 0.466547 0.287603 0.245849 
d_1009 d1009 0.286973 0.346579 0.366448 
d_1010 d1010 0.430599 0.316042 0.253359 
d_1011 d1011 0.113587 0.608017 0.278397 
d_1012 d1012 0.395115 0.412492 0.192393 
d_1013 d1013 0.241907 0.482601 0.275492 
d_1014 d1014 0.246291 0.370183 0.383526 
d_1015 d1015 0.276353 0.492645 0.231002 
d_1016 d1016 0.502002 0.236221 0.261777 
d_1017 d1017 0.151283 0.556572 0.292145 
d_1018 d1018 0.271474 0.499581 0.228945 
d_1019 d1019 0.513390 0.324158 0.162452 
d_1020 d1020 0.415926 0.248945 0.335129 
d_1021 d1021 0.100813 0.665967 0.233220 
d_1022 d1022 0.363551 0.324700 0.311749 
d_1023 d1023 0.242746 0.455312 0.301942 
d_1024 d1024 0.341561 0.319122 0.339317 
d_1025 d1025 0.312972 0.359959 0.327068 
d_1026 d1026 0.307446 0.536344 0.156210 
d_1027 d1027 0.238715 0.483363 0.277922 
d_1028 d1028 0.097104 0.442858 0.460038 
