d_0 d0 0.086055 0.450408 0.463537 
d_1 d1 0.079414 0.405882 0.514704 
d_2 d2 0.141596 0.373336 0.485068 
d_3 d3 0.405225 0.347455 0.247320 
d_4 d4 0.148490 0.367458 0.484051 
d_5 d5 0.072954 0.368051 0.558995 
d_6 d6 0.147674 0.383450 0.468876 
d_7 d7 0.354794 0.258222 0.386984 
d_8 d8 0.273266 0.348756 0.377978 
d_9 d9 0.233694 0.343389 0.422917 
d_10 d10 0.242199 0.381342 0.376460 
d_11 d11 0.395997 0.303920 0.300083 
d_12 d12 0.435180 0.159090 0.405730 
d_13 d13 0.075381 0.340898 0.583721 
d_14 d14 0.143347 0.329375 0.527278 
d_15 d15 0.148175 0.240754 0.611071 
d_16 d16 0.204896 0.300401 0.494703 
d_17 d17 0.063781 0.385440 0.550779 
d_18 d18 0.300569 0.431625 0.267806 
d_19 d19 0.177106 0.504026 0.318868 
d_20 d20 0.146744 0.353555 0.499701 
d_21 d21 0.166465 0.397779 0.435756 
d_22 d22 0.072687 0.350782 0.576531 
d_23 d23 0.127944 0.385035 0.487021 
d_24 d24 0.235618 0.462740 0.301642 
d_25 d25 0.135014 0.595743 0.269242 
d_26 d26 0.206945 0.365237 0.427818 
d_27 d27 0.183731 0.315638 0.500630 
d_28 d28 0.296385 0.337028 0.366587 
d_29 d29 0.211671 0.428188 0.360140 
d_30 d30 0.275583 0.410804 0.313614 
d_31 d31 0.168869 0.400366 0.430765 
d_32 d32 0.197037 0.379798 0.423165 
d_33 d33 0.321454 0.314974 0.363573 
d_34 d34 0.332106 0.258482 0.409412 
d_35 d35 0.297658 0.421946 0.280396 
d_36 d36 0.206368 0.434906 0.358726 
d_37 d37 0.291324 0.238812 0.469864 
d_38 d38 0.070675 0.304149 0.625176 
d_39 d39 0.105904 0.462990 0.431107 
d_40 d40 0.154658 0.314770 0.530572 
d_41 d41 0.326104 0.380324 0.293572 
d_42 d42 0.424589 0.394587 0.180824 
d_43 d43 0.243275 0.307264 0.449461 
d_44 d44 0.395193 0.302404 0.302404 
d_45 d45 0.328730 0.287301 0.383969 
d_46 d46 0.235160 0.302550 0.462290 
d_47 d47 0.123206 0.397539 0.479255 
d_48 d48 0.250250 0.324102 0.425648 
d_49 d49 0.272556 0.395215 0.332228 
d_50 d50 0.241734 0.369722 0.388544 
d_51 d51 0.410456 0.270118 0.319426 
d_52 d52 0.367819 0.273768 0.358414 
d_53 d53 0.114929 0.415313 0.469758 
d_54 d54 0.357103 0.372384 0.270512 
d_55 d55 0.250250 0.361028 0.388722 
d_56 d56 0.137126 0.356761 0.506113 
d_57 d57 0.288957 0.381123 0.329920 
d_58 d58 0.320378 0.320378 0.359243 
d_59 d59 0.461916 0.413698 0.124386 
d_60 d60 0.309980 0.367676 0.322344 
d_61 d61 0.262959 0.365859 0.371182 
d_62 d62 0.135462 0.324777 0.539761 
d_63 d63 0.325410 0.267309 0.407280 
d_64 d64 0.110835 0.327416 0.561749 
d_65 d65 0.173581 0.382596 0.443823 
d_66 d66 0.299451 0.274809 0.425741 
d_67 d67 0.127113 0.466378 0.406508 
d_68 d68 0.431352 0.235315 0.333333 
d_69 d69 0.230525 0.314641 0.454834 
d_70 d70 0.167638 0.363393 0.468969 
d_71 d71 0.309824 0.274560 0.415616 
d_72 d72 0.160321 0.425543 0.414136 
d_73 d73 0.244482 0.343731 0.411787 
d_74 d74 0.139860 0.295184 0.564957 
d_75 d75 0.229084 0.525930 0.244986 
d_76 d76 0.285091 0.290658 0.424251 
d_77 d77 0.363575 0.282236 0.354189 
d_78 d78 0.075330 0.355820 0.568850 
d_79 d79 0.217135 0.383305 0.399560 
d_80 d80 0.196124 0.293727 0.510149 
d_81 d81 0.182413 0.363517 0.454070 
d_82 d82 0.324771 0.309359 0.365870 
d_83 d83 0.296607 0.344810 0.358583 
d_84 d84 0.098637 0.403742 0.497620 
d_85 d85 0.325510 0.239455 0.435035 
d_86 d86 0.124429 0.534294 0.341276 
d_87 d87 0.091747 0.398506 0.509748 
d_88 d88 0.346542 0.386169 0.267289 
d_89 d89 0.276353 0.450782 0.272865 
d_90 d90 0.296988 0.455731 0.247281 
d_91 d91 0.126865 0.363981 0.509154 
d_92 d92 0.308610 0.323444 0.367946 
d_93 d93 0.135079 0.321497 0.543424 
d_94 d94 0.411431 0.344490 0.244079 
d_95 d95 0.377559 0.274841 0.347600 
d_96 d96 0.249162 0.424638 0.326200 
d_97 d97 0.371381 0.335236 0.293383 
d_98 d98 0.197127 0.286687 0.516186 
d_99 d99 0.390906 0.278959 0.330135 
d_100 d100 0.158733 0.469626 0.371641 
d_101 d101 0.278475 0.270381 0.451144 
d_102 d102 0.159644 0.314336 0.526019 
d_103 d103 0.249433 0.425913 0.324654 
d_104 d104 0.250374 0.367900 0.381726 
d_105 d105 0.232175 0.407871 0.359954 
d_106 d106 0.149331 0.450890 0.399779 
d_107 d107 0.328094 0.401074 0.270832 
d_108 d108 0.243568 0.349769 0.406663 
d_109 d109 0.221704 0.321825 0.456470 
d_110 d110 0.205321 0.415342 0.379338 
d_111 d111 0.131022 0.290438 0.578540 
d_112 d112 0.068298 0.364451 0.567251 
d_113 d113 0.372960 0.247823 0.379217 
d_114 d114 0.335924 0.289286 0.374789 
d_115 d115 0.214302 0.317102 0.468596 
d_116 d116 0.524428 0.256895 0.218676 
d_117 d117 0.094779 0.325993 0.579227 
d_118 d118 0.386207 0.347919 0.265874 
d_119 d119 0.288203 0.342359 0.369438 
d_120 d120 0.247318 0.519543 0.233140 
d_121 d121 0.364529 0.254427 0.381044 
d_122 d122 0.249666 0.326503 0.423831 
d_123 d123 0.140097 0.268085 0.591819 
d_124 d124 0.245437 0.336921 0.417642 
d_125 d125 0.276726 0.351023 0.372251 
d_126 d126 0.217073 0.333333 0.449594 
d_127 d127 0.185377 0.447810 0.366812 
d_128 d128 0.229084 0.271490 0.499426 
d_129 d129 0.198236 0.282672 0.519092 
d_130 d130 0.162631 0.290658 0.546711 
d_131 d131 0.129098 0.352065 0.518837 
d_132 d132 0.163433 0.337195 0.499373 
d_133 d133 0.160641 0.268811 0.570547 
d_134 d134 0.159149 0.416526 0.424325 
d_135 d135 0.168146 0.509682 0.322172 
d_136 d136 0.099581 0.526556 0.373863 
d_137 d137 0.059917 0.359197 0.580886 
d_138 d138 0.110541 0.456122 0.433336 
d_139 d139 0.132826 0.382420 0.484754 
d_140 d140 0.148053 0.335284 0.516663 
d_141 d141 0.127778 0.367309 0.504912 
d_142 d142 0.487889 0.234626 0.277486 
d_143 d143 0.103022 0.446170 0.450808 
d_144 d144 0.117383 0.317577 0.565040 
d_145 d145 0.238133 0.336892 0.424974 
d_146 d146 0.183373 0.323961 0.492666 
d_147 d147 0.310893 0.340163 0.348944 
d_148 d148 0.115123 0.414551 0.470326 
d_149 d149 0.149646 0.381442 0.468912 
d_150 d150 0.135208 0.230733 0.634059 
d_151 d151 0.308365 0.264998 0.426638 
d_152 d152 0.301547 0.283208 0.415245 
d_153 d153 0.360733 0.278534 0.360733 
d_154 d154 0.158628 0.339358 0.502014 
d_155 d155 0.327675 0.297970 0.374355 
d_156 d156 0.334742 0.457286 0.207972 
d_157 d157 0.368758 0.340146 0.291096 
d_158 d158 0.143861 0.301964 0.554175 
d_159 d159 0.250329 0.335358 0.414313 
d_160 d160 0.205700 0.263397 0.530903 
d_161 d161 0.157661 0.462267 0.380072 
d_162 d162 0.172417 0.332346 0.495237 
d_163 d163 0.322877 0.328580 0.348543 
d_164 d164 0.338391 0.292876 0.368734 
d_165 d165 0.369186 0.312577 0.318238 
d_166 d166 0.134558 0.439655 0.425787 
d_167 d167 0.443168 0.256738 0.300094 
d_168 d168 0.479525 0.270205 0.250270 
d_169 d169 0.125582 0.379182 0.495236 
d_170 d170 0.288321 0.320613 0.391066 
d_171 d171 0.579302 0.140736 0.279963 
d_172 d172 0.136246 0.447206 0.416548 
d_173 d173 0.161400 0.248577 0.590023 
d_174 d174 0.108147 0.316011 0.575842 
d_175 d175 0.176214 0.372326 0.451459 
d_176 d176 0.167664 0.428865 0.403471 
d_177 d177 0.175255 0.467092 0.357653 
d_178 d178 0.530224 0.231286 0.238490 
d_179 d179 0.161795 0.417352 0.420853 
d_180 d180 0.181844 0.294607 0.523549 
d_181 d181 0.477261 0.272498 0.250241 
d_182 d182 0.289201 0.305088 0.405711 
d_183 d183 0.149037 0.402202 0.448761 
d_184 d184 0.179358 0.307417 0.513225 
d_185 d185 0.178970 0.376872 0.444159 
d_186 d186 0.241163 0.398774 0.360063 
d_187 d187 0.230039 0.434332 0.335629 
d_188 d188 0.198998 0.304547 0.496455 
d_189 d189 0.073686 0.471717 0.454597 
d_190 d190 0.125028 0.346860 0.528112 
d_191 d191 0.314231 0.287263 0.398506 
d_192 d192 0.154646 0.437632 0.407723 
d_193 d193 0.291601 0.331843 0.376556 
d_194 d194 0.556782 0.209347 0.233872 
d_195 d195 0.393912 0.349223 0.256865 
d_196 d196 0.366905 0.213181 0.419913 
d_197 d197 0.373483 0.165435 0.461082 
d_198 d198 0.350837 0.424354 0.224809 
d_199 d199 0.258004 0.355413 0.386584 
d_200 d200 0.093386 0.515112 0.391502 
d_201 d201 0.252724 0.369160 0.378116 
d_202 d202 0.193274 0.359204 0.447522 
d_203 d203 0.366097 0.295889 0.338014 
d_204 d204 0.152590 0.304533 0.542877 
d_205 d205 0.291552 0.221047 0.487400 
d_206 d206 0.296407 0.421032 0.282560 
d_207 d207 0.280454 0.357440 0.362106 
d_208 d208 0.259910 0.312886 0.427204 
d_209 d209 0.147916 0.323763 0.528321 
d_210 d210 0.129875 0.380064 0.490061 
d_211 d211 0.421895 0.254309 0.323796 
d_212 d212 0.094617 0.320586 0.584796 
d_213 d213 0.163219 0.321735 0.515046 
d_214 d214 0.288702 0.298620 0.412679 
d_215 d215 0.250199 0.224525 0.525277 
d_216 d216 0.233324 0.346542 0.420134 
d_217 d217 0.381537 0.174949 0.443514 
d_218 d218 0.333333 0.367197 0.299469 
d_219 d219 0.150178 0.485532 0.364289 
d_220 d220 0.128827 0.368167 0.503006 
d_221 d221 0.303858 0.398600 0.297542 
d_222 d222 0.141476 0.395272 0.463253 
d_223 d223 0.187434 0.451373 0.361194 
d_224 d224 0.254309 0.254309 0.491382 
d_225 d225 0.119367 0.405431 0.475202 
d_226 d226 0.238856 0.347404 0.413739 
d_227 d227 0.254279 0.323056 0.422665 
d_228 d228 0.265148 0.237874 0.496977 
d_229 d229 0.262360 0.393016 0.344625 
d_230 d230 0.140626 0.466616 0.392759 
d_231 d231 0.170034 0.402422 0.427545 
d_232 d232 0.153013 0.550961 0.296026 
d_233 d233 0.363948 0.337707 0.298345 
d_234 d234 0.143334 0.366712 0.489954 
d_235 d235 0.257690 0.267701 0.474609 
d_236 d236 0.261027 0.374492 0.364481 
d_237 d237 0.202714 0.481300 0.315986 
d_238 d238 0.220857 0.407910 0.371233 
d_239 d239 0.410263 0.268642 0.321095 
d_240 d240 0.251385 0.328781 0.419835 
d_241 d241 0.195270 0.335734 0.468996 
d_242 d242 0.347781 0.376675 0.275544 
d_243 d243 0.301731 0.402858 0.295411 
d_244 d244 0.117577 0.355741 0.526681 
d_245 d245 0.147610 0.364968 0.487423 
d_246 d246 0.495320 0.288714 0.215966 
d_247 d247 0.349940 0.289049 0.361011 
d_248 d248 0.211124 0.233570 0.555306 
d_249 d249 0.348212 0.252564 0.399224 
d_250 d250 0.353776 0.348870 0.297355 
d_251 d251 0.405140 0.284294 0.310565 
d_252 d252 0.084283 0.410260 0.505457 
d_253 d253 0.188539 0.335787 0.475673 
d_254 d254 0.275203 0.262285 0.462511 
d_255 d255 0.184811 0.270954 0.544235 
d_256 d256 0.063760 0.350725 0.585515 
d_257 d257 0.340675 0.269709 0.389616 
d_258 d258 0.364832 0.303410 0.331758 
d_259 d259 0.188390 0.317309 0.494301 
d_260 d260 0.094765 0.561058 0.344177 
d_261 d261 0.167515 0.397996 0.434489 
d_262 d262 0.282103 0.395701 0.322196 
d_263 d263 0.190597 0.327089 0.482314 
d_264 d264 0.320897 0.380153 0.298950 
d_265 d265 0.160334 0.374941 0.464725 
d_266 d266 0.273390 0.324342 0.402268 
d_267 d267 0.254692 0.414942 0.330366 
d_268 d268 0.168102 0.376815 0.455083 
d_269 d269 0.120573 0.315274 0.564152 
d_270 d270 0.169086 0.406658 0.424256 
d_271 d271 0.237401 0.316249 0.446350 
d_272 d272 0.222670 0.347166 0.430164 
d_273 d273 0.334128 0.384169 0.281703 
d_274 d274 0.055747 0.483156 0.461097 
d_275 d275 0.544144 0.259288 0.196568 
d_276 d276 0.150188 0.335147 0.514665 
d_277 d277 0.217552 0.333333 0.449115 
d_278 d278 0.205573 0.397214 0.397214 
d_279 d279 0.253221 0.349356 0.397423 
d_280 d280 0.355790 0.247998 0.396212 
d_281 d281 0.112139 0.326930 0.560930 
d_282 d282 0.191355 0.390125 0.418520 
d_283 d283 0.367099 0.301554 0.331347 
d_284 d284 0.146241 0.400633 0.453126 
d_285 d285 0.183004 0.446080 0.370916 
d_286 d286 0.058833 0.468176 0.472991 
d_287 d287 0.263132 0.396145 0.340723 
d_288 d288 0.239900 0.307380 0.452721 
d_289 d289 0.213752 0.360511 0.425737 
d_290 d290 0.414036 0.314344 0.271620 
d_291 d291 0.110611 0.444694 0.444694 
d_292 d292 0.182116 0.309139 0.508745 
d_293 d293 0.251136 0.340806 0.408058 
d_294 d294 0.234247 0.308562 0.457192 
d_295 d295 0.071952 0.388209 0.539839 
d_296 d296 0.102549 0.415477 0.481974 
d_297 d297 0.071525 0.379327 0.549148 
d_298 d298 0.391491 0.315633 0.292876 
d_299 d299 0.142358 0.357975 0.499666 
d_300 d300 0.150956 0.351571 0.497473 
d_301 d301 0.605012 0.274782 0.120206 
d_302 d302 0.064019 0.499701 0.436279 
d_303 d303 0.449109 0.331510 0.219381 
d_304 d304 0.159353 0.314002 0.526645 
d_305 d305 0.315474 0.422630 0.261896 
d_306 d306 0.119311 0.459766 0.420922 
d_307 d307 0.074124 0.393025 0.532851 
d_308 d308 0.303392 0.249497 0.447111 
d_309 d309 0.379072 0.345695 0.275233 
d_310 d310 0.074644 0.304430 0.620926 
d_311 d311 0.376244 0.340485 0.283271 
d_312 d312 0.239679 0.378546 0.381775 
d_313 d313 0.196427 0.251190 0.552383 
d_314 d314 0.242215 0.418427 0.339358 
d_315 d315 0.114236 0.386814 0.498951 
d_316 d316 0.284240 0.379699 0.336061 
d_317 d317 0.156992 0.487189 0.355820 
d_318 d318 0.211026 0.332434 0.456540 
d_319 d319 0.067307 0.444178 0.488515 
d_320 d320 0.091814 0.434068 0.474119 
d_321 d321 0.312229 0.407200 0.280571 
d_322 d322 0.079867 0.388544 0.531589 
d_323 d323 0.119691 0.330281 0.550028 
d_324 d324 0.193523 0.505956 0.300521 
d_325 d325 0.332158 0.367413 0.300429 
d_326 d326 0.224151 0.387924 0.387924 
d_327 d327 0.323461 0.341231 0.335308 
d_328 d328 0.156203 0.504193 0.339603 
d_329 d329 0.123736 0.410553 0.465711 
d_330 d330 0.399858 0.268990 0.331152 
d_331 d331 0.080432 0.478838 0.440730 
d_332 d332 0.065543 0.387883 0.546574 
d_333 d333 0.178015 0.496668 0.325317 
d_334 d334 0.229880 0.400438 0.369682 
d_335 d335 0.068671 0.389102 0.542228 
d_336 d336 0.410474 0.279427 0.310098 
d_337 d337 0.225999 0.389556 0.384445 
d_338 d338 0.172324 0.507760 0.319916 
d_339 d339 0.181504 0.343372 0.475124 
d_340 d340 0.481322 0.180570 0.338107 
d_341 d341 0.146900 0.356279 0.496821 
d_342 d342 0.355588 0.330551 0.313860 
d_343 d343 0.298445 0.429278 0.272278 
d_344 d344 0.208914 0.379006 0.412080 
d_345 d345 0.112280 0.357777 0.529943 
d_346 d346 0.261581 0.409570 0.328849 
d_347 d347 0.193729 0.296716 0.509555 
d_348 d348 0.145939 0.447598 0.406463 
d_349 d349 0.165500 0.453811 0.380689 
d_350 d350 0.129744 0.301188 0.569069 
d_351 d351 0.295114 0.279827 0.425059 
d_352 d352 0.276447 0.397559 0.325993 
d_353 d353 0.254934 0.328775 0.416291 
d_354 d354 0.272403 0.360647 0.366950 
d_355 d355 0.263499 0.278464 0.458037 
d_356 d356 0.290268 0.386414 0.323318 
d_357 d357 0.258379 0.296927 0.444694 
d_358 d358 0.156898 0.384049 0.459052 
d_359 d359 0.269580 0.349642 0.380778 
d_360 d360 0.090800 0.324351 0.584849 
d_361 d361 0.410586 0.306167 0.283246 
d_362 d362 0.363268 0.243528 0.393204 
d_363 d363 0.476684 0.279366 0.243950 
d_364 d364 0.092429 0.358169 0.549402 
d_365 d365 0.039684 0.338227 0.622089 
d_366 d366 0.161230 0.297285 0.541485 
d_367 d367 0.087434 0.338810 0.573756 
d_368 d368 0.159542 0.311978 0.528480 
d_369 d369 0.099415 0.334903 0.565682 
d_370 d370 0.227876 0.386062 0.386062 
d_371 d371 0.108279 0.389969 0.501751 
d_372 d372 0.247144 0.284082 0.468774 
d_373 d373 0.043736 0.450188 0.506076 
d_374 d374 0.176635 0.371552 0.451812 
d_375 d375 0.224443 0.336199 0.439358 
d_376 d376 0.211606 0.340679 0.447715 
d_377 d377 0.276542 0.314403 0.409055 
d_378 d378 0.147801 0.424851 0.427347 
d_379 d379 0.189672 0.244742 0.565585 
d_380 d380 0.175588 0.340991 0.483421 
d_381 d381 0.316747 0.433826 0.249427 
d_382 d382 0.311847 0.311847 0.376306 
d_383 d383 0.333333 0.293572 0.373095 
d_384 d384 0.277486 0.335931 0.386584 
d_385 d385 0.266007 0.274423 0.459569 
d_386 d386 0.249216 0.385406 0.365378 
d_387 d387 0.239722 0.328653 0.431625 
d_388 d388 0.160641 0.416833 0.422526 
d_389 d389 0.191357 0.277290 0.531353 
d_390 d390 0.174507 0.449088 0.376405 
d_391 d391 0.220665 0.375257 0.404079 
d_392 d392 0.217360 0.412730 0.369909 
d_393 d393 0.428356 0.303204 0.268440 
d_394 d394 0.148258 0.343659 0.508082 
d_395 d395 0.416107 0.285840 0.298053 
d_396 d396 0.307834 0.299334 0.392832 
d_397 d397 0.164719 0.293796 0.541485 
d_398 d398 0.209234 0.285884 0.504882 
d_399 d399 0.209087 0.329679 0.461234 
d_400 d400 0.133319 0.525995 0.340687 
d_401 d401 0.181629 0.380882 0.437488 
d_402 d402 0.308333 0.397151 0.294516 
d_403 d403 0.249512 0.274410 0.476078 
d_404 d404 0.223647 0.247843 0.528510 
d_405 d405 0.048546 0.426055 0.525399 
d_406 d406 0.247767 0.385743 0.366490 
d_407 d407 0.435929 0.305353 0.258718 
d_408 d408 0.285837 0.206676 0.507487 
d_409 d409 0.411565 0.395919 0.192516 
d_410 d410 0.517479 0.198593 0.283928 
d_411 d411 0.322900 0.309487 0.367613 
d_412 d412 0.307720 0.374537 0.317743 
d_413 d413 0.081507 0.351987 0.566506 
d_414 d414 0.447174 0.305311 0.247515 
d_415 d415 0.102723 0.335509 0.561768 
d_416 d416 0.130644 0.310462 0.558894 
d_417 d417 0.159090 0.469560 0.371350 
d_418 d418 0.222458 0.369205 0.408337 
d_419 d419 0.265874 0.361594 0.372533 
d_420 d420 0.168842 0.308302 0.522856 
d_421 d421 0.233803 0.438552 0.327646 
d_422 d422 0.036093 0.523684 0.440223 
d_423 d423 0.437359 0.306287 0.256354 
d_424 d424 0.222956 0.253717 0.523327 
d_425 d425 0.164083 0.369136 0.466781 
d_426 d426 0.161132 0.350447 0.488422 
d_427 d427 0.378290 0.321833 0.299877 
d_428 d428 0.154566 0.349924 0.495510 
d_429 d429 0.290034 0.269083 0.440883 
d_430 d430 0.316449 0.296967 0.386584 
d_431 d431 0.274674 0.301071 0.424256 
d_432 d432 0.157193 0.470074 0.372733 
d_433 d433 0.238936 0.393149 0.367914 
d_434 d434 0.197083 0.472204 0.330713 
d_435 d435 0.223216 0.333333 0.443450 
d_436 d436 0.217868 0.302999 0.479133 
d_437 d437 0.074984 0.424105 0.500912 
d_438 d438 0.108602 0.395135 0.496264 
d_439 d439 0.241338 0.245790 0.512872 
d_440 d440 0.316756 0.316756 0.366487 
d_441 d441 0.116029 0.560813 0.323159 
d_442 d442 0.203172 0.506170 0.290658 
d_443 d443 0.107023 0.474935 0.418042 
d_444 d444 0.107345 0.360317 0.532338 
d_445 d445 0.258405 0.396274 0.345322 
d_446 d446 0.436317 0.201812 0.361871 
d_447 d447 0.097897 0.339370 0.562733 
d_448 d448 0.395733 0.355258 0.249009 
d_449 d449 0.273437 0.408204 0.318359 
d_450 d450 0.108448 0.436899 0.454653 
d_451 d451 0.316451 0.259844 0.423705 
d_452 d452 0.330946 0.352429 0.316625 
d_453 d453 0.299781 0.333333 0.366886 
d_454 d454 0.271920 0.451181 0.276899 
d_455 d455 0.234578 0.447389 0.318033 
d_456 d456 0.117526 0.427888 0.454586 
d_457 d457 0.277247 0.328580 0.394173 
d_458 d458 0.251676 0.297041 0.451283 
d_459 d459 0.172797 0.323024 0.504179 
d_460 d460 0.174044 0.393393 0.432563 
d_461 d461 0.279976 0.325711 0.394314 
d_462 d462 0.143652 0.304533 0.551815 
d_463 d463 0.206958 0.272486 0.520555 
d_464 d464 0.314313 0.371374 0.314313 
d_465 d465 0.363861 0.360703 0.275436 
d_466 d466 0.086525 0.604394 0.309081 
d_467 d467 0.456232 0.311645 0.232122 
d_468 d468 0.387553 0.250196 0.362251 
d_469 d469 0.155620 0.325255 0.519124 
d_470 d470 0.115734 0.413383 0.470883 
d_471 d471 0.155922 0.387190 0.456888 
d_472 d472 0.171863 0.608100 0.220037 
d_473 d473 0.206398 0.286161 0.507440 
d_474 d474 0.235881 0.307772 0.456346 
d_475 d475 0.159542 0.281049 0.559409 
d_476 d476 0.349404 0.349404 0.301193 
d_477 d477 0.178232 0.242412 0.579356 
d_478 d478 0.106572 0.473709 0.419719 
d_479 d479 0.329304 0.314799 0.355897 
d_480 d480 0.184677 0.459119 0.356204 
d_481 d481 0.117096 0.481996 0.400907 
d_482 d482 0.406204 0.357304 0.236493 
d_483 d483 0.394314 0.279976 0.325711 
d_484 d484 0.146341 0.397814 0.455846 
d_485 d485 0.166097 0.422041 0.411862 
d_486 d486 0.060164 0.369252 0.570585 
d_487 d487 0.423441 0.335872 0.240688 
d_488 d488 0.161581 0.340642 0.497777 
d_489 d489 0.123263 0.409403 0.467334 
d_490 d490 0.125795 0.391322 0.482883 
d_491 d491 0.163356 0.469941 0.366703 
d_492 d492 0.285193 0.383027 0.331780 
d_493 d493 0.434544 0.318875 0.246581 
d_494 d494 0.092351 0.440873 0.466777 
d_495 d495 0.275499 0.329719 0.394783 
d_496 d496 0.230361 0.281847 0.487792 
d_497 d497 0.449369 0.241223 0.309408 
d_498 d498 0.151927 0.381072 0.467001 
d_499 d499 0.120525 0.499740 0.379735 
d_500 d500 0.207351 0.332035 0.460614 
d_501 d501 0.157079 0.352245 0.490677 
d_502 d502 0.385174 0.286206 0.328621 
d_503 d503 0.214776 0.386026 0.399199 
d_504 d504 0.458177 0.241343 0.300480 
d_505 d505 0.201396 0.353411 0.445193 
d_506 d506 0.287144 0.333333 0.379523 
d_507 d507 0.257623 0.267607 0.474770 
d_508 d508 0.423886 0.266928 0.309186 
d_509 d509 0.341681 0.346690 0.311629 
d_510 d510 0.142749 0.386169 0.471082 
d_511 d511 0.349272 0.315623 0.335104 
d_512 d512 0.185748 0.364172 0.450080 
d_513 d513 0.125905 0.331016 0.543079 
d_514 d514 0.235060 0.365860 0.399080 
d_515 d515 0.214327 0.296716 0.488958 
d_516 d516 0.356864 0.331194 0.311942 
d_517 d517 0.156122 0.417276 0.426602 
d_518 d518 0.360792 0.339114 0.300094 
d_519 d519 0.256203 0.549299 0.194498 
d_520 d520 0.276646 0.449917 0.273437 
d_521 d521 0.135931 0.440743 0.423325 
d_522 d522 0.300662 0.273437 0.425901 
d_523 d523 0.451304 0.266305 0.282392 
d_524 d524 0.277067 0.430204 0.292729 
d_525 d525 0.233445 0.289853 0.476703 
d_526 d526 0.301967 0.281210 0.416822 
d_527 d527 0.241453 0.438754 0.319793 
d_528 d528 0.272906 0.490445 0.236649 
d_529 d529 0.188850 0.381747 0.429404 
d_530 d530 0.195588 0.434123 0.370289 
d_531 d531 0.256948 0.455953 0.287100 
d_532 d532 0.399692 0.293044 0.307264 
d_533 d533 0.239954 0.354882 0.405164 
d_534 d534 0.336236 0.340591 0.323173 
d_535 d535 0.217189 0.382236 0.400575 
d_536 d536 0.422355 0.265111 0.312534 
d_537 d537 0.208924 0.244811 0.546265 
d_538 d538 0.327658 0.303820 0.368523 
d_539 d539 0.097771 0.347344 0.554884 
d_540 d540 0.148750 0.564713 0.286538 
d_541 d541 0.214007 0.273670 0.512323 
d_542 d542 0.281902 0.412195 0.305903 
d_543 d543 0.336623 0.341558 0.321819 
d_544 d544 0.232401 0.436325 0.331273 
d_545 d545 0.485519 0.285193 0.229288 
d_546 d546 0.252582 0.369050 0.378368 
d_547 d547 0.341208 0.251437 0.407355 
d_548 d548 0.162776 0.310965 0.526259 
d_549 d549 0.128532 0.495578 0.375889 
d_550 d550 0.137671 0.414860 0.447470 
d_551 d551 0.367445 0.312534 0.320022 
d_552 d552 0.161490 0.277170 0.561340 
d_553 d553 0.154204 0.393725 0.452070 
d_554 d554 0.269537 0.336782 0.393681 
d_555 d555 0.491242 0.224431 0.284327 
d_556 d556 0.295617 0.323047 0.381336 
d_557 d557 0.091117 0.300068 0.608815 
d_558 d558 0.197044 0.456186 0.346770 
d_559 d559 0.330284 0.408034 0.261682 
d_560 d560 0.230533 0.368502 0.400965 
d_561 d561 0.142794 0.288177 0.569029 
d_562 d562 0.158228 0.336252 0.505521 
d_563 d563 0.171837 0.469330 0.358833 
d_564 d564 0.307150 0.405972 0.286879 
d_565 d565 0.399340 0.298974 0.301686 
d_566 d566 0.204294 0.254352 0.541354 
d_567 d567 0.157275 0.341522 0.501203 
d_568 d568 0.378099 0.317285 0.304616 
d_569 d569 0.162048 0.404391 0.433561 
d_570 d570 0.401606 0.228521 0.369874 
d_571 d571 0.207308 0.492905 0.299787 
d_572 d572 0.115468 0.281258 0.603273 
d_573 d573 0.355336 0.331333 0.313331 
d_574 d574 0.288903 0.302014 0.409083 
d_575 d575 0.267566 0.331399 0.401035 
d_576 d576 0.205776 0.334354 0.459870 
d_577 d577 0.070853 0.414735 0.514411 
d_578 d578 0.175853 0.499102 0.325045 
d_579 d579 0.228904 0.268729 0.502367 
d_580 d580 0.247235 0.465792 0.286973 
d_581 d581 0.122369 0.314063 0.563568 
d_582 d582 0.213989 0.309162 0.476849 
d_583 d583 0.335073 0.345508 0.319419 
d_584 d584 0.368008 0.280409 0.351583 
d_585 d585 0.456108 0.375746 0.168146 
d_586 d586 0.159041 0.257616 0.583342 
d_587 d587 0.184180 0.437252 0.378568 
d_588 d588 0.209542 0.418179 0.372279 
d_589 d589 0.414305 0.294978 0.290717 
d_590 d590 0.333333 0.330465 0.336202 
d_591 d591 0.304235 0.419098 0.276667 
d_592 d592 0.196398 0.392426 0.411176 
d_593 d593 0.153741 0.434472 0.411787 
d_594 d594 0.252300 0.392440 0.355260 
d_595 d595 0.157491 0.333333 0.509175 
d_596 d596 0.287393 0.372206 0.340401 
d_597 d597 0.146527 0.409985 0.443488 
d_598 d598 0.249009 0.380555 0.370436 
d_599 d599 0.058831 0.464785 0.476384 
d_600 d600 0.374023 0.309776 0.316201 
d_601 d601 0.103072 0.397370 0.499557 
d_602 d602 0.215009 0.492179 0.292811 
d_603 d603 0.151927 0.474162 0.373911 
d_604 d604 0.093748 0.483268 0.422985 
d_605 d605 0.242279 0.419835 0.337886 
d_606 d606 0.327352 0.409893 0.262755 
d_607 d607 0.131865 0.434068 0.434068 
d_608 d608 0.110246 0.361219 0.528535 
d_609 d609 0.206460 0.390953 0.402587 
d_610 d610 0.367895 0.304782 0.327323 
d_611 d611 0.234385 0.356304 0.409312 
d_612 d612 0.332250 0.315998 0.351753 
d_613 d613 0.343836 0.231810 0.424354 
d_614 d614 0.228721 0.386737 0.384542 
d_615 d615 0.166465 0.235514 0.598021 
d_616 d616 0.244646 0.250307 0.505048 
d_617 d617 0.251563 0.392547 0.355891 
d_618 d618 0.145070 0.497563 0.357367 
d_619 d619 0.206422 0.343736 0.449842 
d_620 d620 0.198548 0.308827 0.492625 
d_621 d621 0.121980 0.342685 0.535335 
d_622 d622 0.179412 0.499711 0.320877 
d_623 d623 0.117514 0.381241 0.501244 
d_624 d624 0.305790 0.305790 0.388421 
d_625 d625 0.218086 0.385380 0.396533 
d_626 d626 0.269240 0.368208 0.362552 
d_627 d627 0.369805 0.283425 0.346770 
d_628 d628 0.255708 0.387010 0.357281 
d_629 d629 0.415180 0.181150 0.403670 
d_630 d630 0.127389 0.302756 0.569855 
d_631 d631 0.274841 0.403238 0.321920 
d_632 d632 0.137458 0.344369 0.518174 
d_633 d633 0.307470 0.314859 0.377671 
d_634 d634 0.112383 0.583566 0.304051 
d_635 d635 0.092659 0.339143 0.568198 
d_636 d636 0.319793 0.386527 0.293680 
d_637 d637 0.245714 0.303846 0.450440 
d_638 d638 0.468147 0.255981 0.275872 
d_639 d639 0.264999 0.463390 0.271612 
d_640 d640 0.097002 0.401429 0.501569 
d_641 d641 0.171994 0.349672 0.478335 
d_642 d642 0.456033 0.317501 0.226466 
d_643 d643 0.339274 0.333333 0.327392 
d_644 d644 0.229323 0.301330 0.469347 
d_645 d645 0.435547 0.329880 0.234573 
d_646 d646 0.377299 0.377299 0.245403 
d_647 d647 0.140527 0.305790 0.553684 
d_648 d648 0.278088 0.416765 0.305147 
d_649 d649 0.198337 0.350613 0.451050 
d_650 d650 0.229192 0.358129 0.412679 
d_651 d651 0.429763 0.299745 0.270491 
d_652 d652 0.250801 0.437816 0.311383 
d_653 d653 0.263138 0.320833 0.416030 
d_654 d654 0.224142 0.357968 0.417890 
d_655 d655 0.150258 0.381904 0.467837 
d_656 d656 0.292686 0.392912 0.314402 
d_657 d657 0.153081 0.317311 0.529608 
d_658 d658 0.340317 0.382219 0.277464 
d_659 d659 0.331495 0.364585 0.303920 
d_660 d660 0.218372 0.456108 0.325520 
d_661 d661 0.127078 0.395753 0.477169 
d_662 d662 0.250314 0.348779 0.400907 
d_663 d663 0.183023 0.295104 0.521873 
d_664 d664 0.369050 0.308487 0.322463 
d_665 d665 0.226850 0.333333 0.439816 
d_666 d666 0.250180 0.353290 0.396530 
d_667 d667 0.181862 0.607146 0.210991 
d_668 d668 0.183727 0.356350 0.459923 
d_669 d669 0.315448 0.350441 0.334111 
d_670 d670 0.151348 0.306620 0.542032 
d_671 d671 0.227513 0.422086 0.350401 
d_672 d672 0.401588 0.294755 0.303658 
d_673 d673 0.226394 0.293378 0.480228 
d_674 d674 0.315875 0.405662 0.278464 
d_675 d675 0.144585 0.382345 0.473070 
d_676 d676 0.131797 0.365301 0.502901 
d_677 d677 0.225898 0.347066 0.427037 
d_678 d678 0.385472 0.314374 0.300154 
d_679 d679 0.155698 0.411493 0.432809 
d_680 d680 0.179999 0.341758 0.478243 
d_681 d681 0.070858 0.391322 0.537820 
d_682 d682 0.259437 0.377671 0.362892 
d_683 d683 0.272832 0.355576 0.371591 
d_684 d684 0.203190 0.270708 0.526102 
d_685 d685 0.290753 0.411589 0.297658 
d_686 d686 0.150842 0.473070 0.376088 
d_687 d687 0.181150 0.415180 0.403670 
d_688 d688 0.199605 0.335659 0.464736 
d_689 d689 0.221688 0.275135 0.503177 
d_690 d690 0.332808 0.301295 0.365897 
d_691 d691 0.150199 0.348674 0.501127 
d_692 d692 0.343260 0.343260 0.313481 
d_693 d693 0.296912 0.428940 0.274148 
d_694 d694 0.106372 0.480484 0.413144 
d_695 d695 0.128541 0.321898 0.549561 
d_696 d696 0.304494 0.290463 0.405043 
d_697 d697 0.384068 0.404556 0.211376 
d_698 d698 0.283934 0.297107 0.418958 
d_699 d699 0.270608 0.405527 0.323865 
d_700 d700 0.268440 0.452691 0.278869 
d_701 d701 0.213678 0.397539 0.388784 
d_702 d702 0.259144 0.290303 0.450553 
d_703 d703 0.256103 0.377839 0.366058 
d_704 d704 0.255003 0.277536 0.467461 
d_705 d705 0.266827 0.263132 0.470041 
d_706 d706 0.196746 0.307204 0.496051 
d_707 d707 0.282994 0.343401 0.373605 
d_708 d708 0.493399 0.214310 0.292291 
d_709 d709 0.198431 0.473368 0.328201 
d_710 d710 0.143258 0.389492 0.467250 
d_711 d711 0.102306 0.371299 0.526394 
d_712 d712 0.191923 0.344799 0.463278 
d_713 d713 0.376352 0.245425 0.378223 
d_714 d714 0.168965 0.398430 0.432605 
d_715 d715 0.143321 0.462091 0.394587 
d_716 d716 0.184291 0.255831 0.559878 
d_717 d717 0.228137 0.400659 0.371204 
d_718 d718 0.286767 0.282186 0.431047 
d_719 d719 0.218848 0.307555 0.473596 
d_720 d720 0.281090 0.236309 0.482601 
d_721 d721 0.158828 0.348674 0.492497 
d_722 d722 0.350974 0.273628 0.375399 
d_723 d723 0.372273 0.337758 0.289969 
d_724 d724 0.096155 0.426996 0.476849 
d_725 d725 0.262803 0.313332 0.423864 
d_726 d726 0.206647 0.331843 0.461510 
d_727 d727 0.224980 0.510506 0.264514 
d_728 d728 0.172748 0.320614 0.506638 
d_729 d729 0.179140 0.483121 0.337739 
d_730 d730 0.338533 0.369730 0.291737 
d_731 d731 0.161027 0.491429 0.347544 
d_732 d732 0.223661 0.324812 0.451527 
d_733 d733 0.276119 0.301150 0.422731 
d_734 d734 0.224199 0.494937 0.280865 
d_735 d735 0.379652 0.423864 0.196484 
d_736 d736 0.065395 0.323184 0.611421 
d_737 d737 0.511860 0.209356 0.278783 
d_738 d738 0.062915 0.406419 0.530666 
d_739 d739 0.239911 0.382342 0.377747 
d_740 d740 0.425983 0.307446 0.266571 
d_741 d741 0.313520 0.372960 0.313520 
d_742 d742 0.150279 0.517733 0.331987 
d_743 d743 0.134995 0.499546 0.365458 
d_744 d744 0.242420 0.312714 0.444866 
d_745 d745 0.207832 0.422296 0.369872 
d_746 d746 0.118789 0.515873 0.365337 
d_747 d747 0.293420 0.393204 0.313377 
d_748 d748 0.244322 0.373912 0.381766 
d_749 d749 0.103974 0.361402 0.534624 
d_750 d750 0.370930 0.334837 0.294233 
d_751 d751 0.066143 0.471836 0.462021 
d_752 d752 0.346271 0.183259 0.470470 
d_753 d753 0.163112 0.331399 0.505489 
d_754 d754 0.206360 0.344570 0.449070 
d_755 d755 0.106188 0.362570 0.531242 
d_756 d756 0.151505 0.356864 0.491631 
d_757 d757 0.306956 0.241585 0.451459 
d_758 d758 0.232420 0.306059 0.461521 
d_759 d759 0.126705 0.330650 0.542645 
d_760 d760 0.157545 0.509121 0.333333 
d_761 d761 0.127250 0.476006 0.396744 
d_762 d762 0.128958 0.579632 0.291410 
d_763 d763 0.106378 0.332120 0.561503 
d_764 d764 0.218634 0.448033 0.333333 
d_765 d765 0.121584 0.394326 0.484090 
d_766 d766 0.114687 0.322196 0.563117 
d_767 d767 0.114082 0.535234 0.350684 
d_768 d768 0.147468 0.318827 0.533705 
d_769 d769 0.295114 0.325690 0.379196 
d_770 d770 0.227721 0.273608 0.498671 
d_771 d771 0.085337 0.348455 0.566208 
d_772 d772 0.257128 0.295230 0.447642 
d_773 d773 0.244158 0.342092 0.413751 
d_774 d774 0.198089 0.361871 0.440040 
d_775 d775 0.219364 0.404179 0.376457 
d_776 d776 0.296605 0.312346 0.391049 
d_777 d777 0.326792 0.282636 0.390572 
d_778 d778 0.309864 0.325510 0.364626 
d_779 d779 0.221454 0.399144 0.379401 
d_780 d780 0.250270 0.275189 0.474541 
d_781 d781 0.118739 0.282200 0.599061 
d_782 d782 0.400585 0.239928 0.359487 
d_783 d783 0.069821 0.430854 0.499326 
d_784 d784 0.320205 0.336422 0.343372 
d_785 d785 0.289374 0.305859 0.404767 
d_786 d786 0.157609 0.339842 0.502549 
d_787 d787 0.144528 0.455239 0.400233 
d_788 d788 0.201109 0.390326 0.408564 
d_789 d789 0.297187 0.383939 0.318875 
d_790 d790 0.330888 0.264869 0.404242 
d_791 d791 0.110316 0.329125 0.560558 
d_792 d792 0.209234 0.433707 0.357058 
d_793 d793 0.211049 0.394475 0.394475 
d_794 d794 0.251772 0.321682 0.426546 
d_795 d795 0.186621 0.352177 0.461202 
d_796 d796 0.313700 0.343150 0.343150 
d_797 d797 0.245877 0.334284 0.419839 
d_798 d798 0.450589 0.298382 0.251029 
d_799 d799 0.086923 0.370135 0.542942 
d_800 d800 0.185396 0.327416 0.487189 
d_801 d801 0.217799 0.326112 0.456088 
d_802 d802 0.131313 0.326655 0.542032 
d_803 d803 0.305017 0.396181 0.298802 
d_804 d804 0.319092 0.342828 0.338081 
d_805 d805 0.215192 0.361314 0.423493 
d_806 d806 0.137008 0.474285 0.388707 
d_807 d807 0.078387 0.327068 0.594544 
d_808 d808 0.297280 0.353711 0.349009 
d_809 d809 0.184773 0.272317 0.542910 
d_810 d810 0.271916 0.313633 0.414450 
d_811 d811 0.078262 0.449937 0.471800 
d_812 d812 0.135219 0.355044 0.509736 
d_813 d813 0.198802 0.352774 0.448423 
d_814 d814 0.287527 0.390591 0.321882 
d_815 d815 0.277067 0.341454 0.381479 
d_816 d816 0.267652 0.248583 0.483765 
d_817 d817 0.146870 0.335755 0.517375 
d_818 d818 0.379477 0.354514 0.266009 
d_819 d819 0.127059 0.392732 0.480210 
d_820 d820 0.191596 0.404202 0.404202 
d_821 d821 0.356836 0.342735 0.300429 
d_822 d822 0.124557 0.259875 0.615568 
d_823 d823 0.183973 0.487889 0.328138 
d_824 d824 0.293727 0.293727 0.412547 
d_825 d825 0.341098 0.294510 0.364392 
d_826 d826 0.298106 0.352026 0.349869 
d_827 d827 0.307808 0.238195 0.453997 
d_828 d828 0.093747 0.317947 0.588306 
d_829 d829 0.074243 0.348054 0.577703 
d_830 d830 0.238934 0.300166 0.460901 
d_831 d831 0.213363 0.481326 0.305311 
d_832 d832 0.149224 0.456979 0.393797 
d_833 d833 0.223002 0.241538 0.535461 
d_834 d834 0.368791 0.384550 0.246659 
d_835 d835 0.073923 0.530711 0.395366 
d_836 d836 0.148349 0.317436 0.534215 
d_837 d837 0.413420 0.345654 0.240926 
d_838 d838 0.134439 0.496910 0.368651 
d_839 d839 0.151171 0.382236 0.466593 
d_840 d840 0.221396 0.303973 0.474631 
d_841 d841 0.243180 0.324039 0.432780 
d_842 d842 0.319395 0.314169 0.366436 
d_843 d843 0.190753 0.319075 0.490172 
d_844 d844 0.191256 0.259547 0.549197 
d_845 d845 0.119476 0.608999 0.271525 
d_846 d846 0.267643 0.516574 0.215783 
d_847 d847 0.236608 0.411205 0.352187 
d_848 d848 0.173037 0.338118 0.488845 
d_849 d849 0.255931 0.390611 0.353458 
d_850 d850 0.133561 0.366828 0.499611 
d_851 d851 0.280264 0.471313 0.248423 
d_852 d852 0.527881 0.251419 0.220701 
d_853 d853 0.313426 0.285321 0.401253 
d_854 d854 0.117811 0.430197 0.451992 
d_855 d855 0.349406 0.306545 0.344049 
d_856 d856 0.242416 0.378792 0.378792 
d_857 d857 0.218473 0.376406 0.405121 
d_858 d858 0.036749 0.442699 0.520552 
d_859 d859 0.116700 0.463907 0.419393 
d_860 d860 0.240688 0.305413 0.453899 
d_861 d861 0.320317 0.346350 0.333333 
d_862 d862 0.194383 0.487940 0.317677 
d_863 d863 0.125582 0.374884 0.499534 
d_864 d864 0.307513 0.384974 0.307513 
d_865 d865 0.238569 0.312531 0.448900 
d_866 d866 0.242522 0.375333 0.382144 
d_867 d867 0.214104 0.519109 0.266787 
d_868 d868 0.461494 0.282984 0.255521 
d_869 d869 0.071734 0.439415 0.488851 
d_870 d870 0.219872 0.331712 0.448416 
d_871 d871 0.108687 0.380341 0.510973 
d_872 d872 0.188873 0.328174 0.482953 
d_873 d873 0.123643 0.406539 0.469818 
d_874 d874 0.134162 0.435008 0.430830 
d_875 d875 0.211987 0.410553 0.377459 
d_876 d876 0.296677 0.420743 0.282579 
d_877 d877 0.327771 0.311085 0.361144 
d_878 d878 0.171053 0.447944 0.381003 
d_879 d879 0.134472 0.406699 0.458828 
d_880 d880 0.309359 0.473756 0.216885 
d_881 d881 0.331135 0.238817 0.430047 
d_882 d882 0.272320 0.423900 0.303780 
d_883 d883 0.132348 0.328455 0.539197 
d_884 d884 0.166425 0.377474 0.456100 
d_885 d885 0.190877 0.341967 0.467156 
d_886 d886 0.132858 0.511791 0.355351 
d_887 d887 0.371253 0.200616 0.428131 
d_888 d888 0.341194 0.380497 0.278309 
d_889 d889 0.148173 0.349434 0.502393 
d_890 d890 0.365327 0.354358 0.280314 
d_891 d891 0.184863 0.402449 0.412688 
d_892 d892 0.205522 0.375287 0.419191 
d_893 d893 0.180983 0.291260 0.527757 
d_894 d894 0.237454 0.284787 0.477760 
d_895 d895 0.163191 0.374831 0.461977 
d_896 d896 0.231025 0.296247 0.472728 
d_897 d897 0.078474 0.373659 0.547867 
d_898 d898 0.069406 0.270561 0.660033 
d_899 d899 0.325149 0.310418 0.364432 
d_900 d900 0.212598 0.298024 0.489379 
d_901 d901 0.428219 0.314356 0.257425 
d_902 d902 0.204223 0.358499 0.437278 
d_903 d903 0.195069 0.430119 0.374813 
d_904 d904 0.126202 0.410268 0.463530 
d_905 d905 0.190752 0.327392 0.481856 
d_906 d906 0.081966 0.355938 0.562096 
d_907 d907 0.304268 0.426987 0.268744 
d_908 d908 0.299817 0.379321 0.320862 
d_909 d909 0.292694 0.313897 0.393409 
d_910 d910 0.347191 0.302154 0.350655 
d_911 d911 0.231533 0.377818 0.390650 
d_912 d912 0.370321 0.265523 0.364156 
d_913 d913 0.403171 0.319366 0.277464 
d_914 d914 0.221631 0.264998 0.513371 
d_915 d915 0.219148 0.298199 0.482653 
d_916 d916 0.167181 0.395047 0.437772 
d_917 d917 0.241250 0.416506 0.342245 
d_918 d918 0.378034 0.334373 0.287593 
d_919 d919 0.153119 0.427248 0.419633 
d_920 d920 0.452721 0.260663 0.286616 
d_921 d921 0.216924 0.372137 0.410940 
d_922 d922 0.109208 0.413680 0.477112 
d_923 d923 0.077169 0.350654 0.572177 
d_924 d924 0.368182 0.323829 0.307989 
d_925 d925 0.149393 0.381250 0.469356 
d_926 d926 0.076171 0.620077 0.303752 
d_927 d927 0.207278 0.441741 0.350981 
d_928 d928 0.066888 0.372089 0.561023 
d_929 d929 0.167386 0.439540 0.393074 
d_930 d930 0.126671 0.339114 0.534215 
d_931 d931 0.264362 0.410142 0.325496 
d_932 d932 0.275402 0.380593 0.344005 
d_933 d933 0.187830 0.328833 0.483337 
d_934 d934 0.130707 0.310590 0.558703 
d_935 d935 0.303812 0.394590 0.301598 
d_936 d936 0.097118 0.339752 0.563130 
d_937 d937 0.150495 0.399820 0.449685 
d_938 d938 0.078392 0.355502 0.566106 
d_939 d939 0.249147 0.314464 0.436389 
d_940 d940 0.187852 0.351518 0.460629 
d_941 d941 0.262381 0.365933 0.371686 
d_942 d942 0.145762 0.347154 0.507083 
d_943 d943 0.130259 0.355588 0.514153 
d_944 d944 0.115580 0.306114 0.578305 
d_945 d945 0.241608 0.398306 0.360087 
d_946 d946 0.166994 0.466405 0.366601 
d_947 d947 0.378181 0.405090 0.216728 
d_948 d948 0.105424 0.355751 0.538826 
d_949 d949 0.107938 0.327637 0.564425 
d_950 d950 0.265833 0.376443 0.357724 
d_951 d951 0.182047 0.349626 0.468327 
d_952 d952 0.217609 0.431699 0.350692 
d_953 d953 0.149488 0.266836 0.583676 
d_954 d954 0.347801 0.358651 0.293549 
d_955 d955 0.090795 0.251437 0.657768 
d_956 d956 0.224229 0.361599 0.414172 
d_957 d957 0.175513 0.434671 0.389816 
d_958 d958 0.208006 0.323103 0.468892 
d_959 d959 0.075817 0.270829 0.653353 
d_960 d960 0.471594 0.259525 0.268881 
d_961 d961 0.189901 0.343157 0.466942 
d_962 d962 0.332106 0.313700 0.354194 
d_963 d963 0.248167 0.393037 0.358795 
d_964 d964 0.269242 0.258359 0.472399 
d_965 d965 0.163532 0.356039 0.480428 
d_966 d966 0.404556 0.378214 0.217230 
d_967 d967 0.340262 0.329869 0.329869 
d_968 d968 0.360580 0.393718 0.245701 
d_969 d969 0.224409 0.417502 0.358089 
d_970 d970 0.169794 0.363588 0.466618 
d_971 d971 0.379143 0.249492 0.371364 
d_972 d972 0.132348 0.659203 0.208449 
d_973 d973 0.231847 0.306626 0.461527 
d_974 d974 0.381442 0.315839 0.302719 
d_975 d975 0.277328 0.297005 0.425667 
d_976 d976 0.390793 0.345646 0.263561 
d_977 d977 0.257592 0.261800 0.480609 
d_978 d978 0.266597 0.493700 0.239703 
d_979 d979 0.183325 0.418121 0.398554 
d_980 d980 0.102631 0.303466 0.593903 
d_981 d981 0.239951 0.479350 0.280700 
d_982 d982 0.172579 0.316330 0.511091 
d_983 d983 0.132071 0.267079 0.600850 
d_984 d984 0.432090 0.342084 0.225827 
d_985 d985 0.146631 0.399871 0.453498 
d_986 d986 0.222869 0.251072 0.526059 
d_987 d987 0.217486 0.288777 0.493737 
d_988 d988 0.248128 0.310014 0.441858 
d_989 d989 0.269245 0.260303 0.470452 
d_990 d990 0.086245 0.347453 0.566302 
d_991 d991 0.317538 0.356039 0.326423 
d_992 d992 0.159288 0.396425 0.444287 
d_993 d993 0.264433 0.345861 0.389707 
d_994 d994 0.118370 0.325856 0.555774 
d_995 d995 0.123438 0.357006 0.519556 
d_996 d996 0.190006 0.469494 0.340500 
d_997 d997 0.362652 0.431061 0.206287 
d_998 d998 0.084647 0.347962 0.567391 
d_999 d999 0.359370 0.323865 0.316764 
d_1000 d1000 0.262287 0.308152 0.429561 
d_1001 d1001 0.457242 0.319674 0.223084 
d_1002 d1002 0.252682 0.436567 0.310751 
d_1003 d1003 0.210777 0.402192 0.387031 
d_1004 d1004 0.311281 0.204852 0.483868 
d_1005 d1005 0.372827 0.495539 0.131634 
d_1006 d1006 0.193449 0.547939 0.258612 
d_1007 d1007 0.360894 0.405187 0.233919 
d_1008 d1008 0.454618 0.311462 0.233920 
d_1009 d1009 0.247235 0.314789 0.437976 
d_1010 d1010 0.424115 0.316042 0.259844 
d_1011 d1011 0.116639 0.598861 0.284501 
d_1012 d1012 0.337195 0.464620 0.198185 
d_1013 d1013 0.157944 0.510589 0.331467 
d_1014 d1014 0.232949 0.396868 0.370183 
d_1015 d1015 0.244956 0.520554 0.234490 
d_1016 d1016 0.491780 0.246443 0.261777 
d_1017 d1017 0.138927 0.601054 0.260019 
d_1018 d1018 0.256009 0.487982 0.256009 
d_1019 d1019 0.458341 0.310396 0.231263 
d_1020 d1020 0.335129 0.297423 0.367448 
d_1021 d1021 0.074977 0.659508 0.265515 
d_1022 d1022 0.367868 0.346284 0.285848 
d_1023 d1023 0.215839 0.482219 0.301942 
d_1024 d1024 0.346049 0.314634 0.339317 
d_1025 d1025 0.367007 0.336466 0.296527 
d_1026 d1026 0.327883 0.507732 0.164384 
d_1027 d1027 0.216759 0.480227 0.303014 
d_1028 d1028 0.103547 0.466481 0.429972 
