d_0 d0 0.063078 0.433995 0.502927 
d_1 d1 0.087187 0.374789 0.538023 
d_2 d2 0.125043 0.385751 0.489206 
d_3 d3 0.335901 0.393671 0.270428 
d_4 d4 0.174084 0.339021 0.486895 
d_5 d5 0.064275 0.382516 0.553209 
d_6 d6 0.140839 0.345863 0.513298 
d_7 d7 0.393422 0.206717 0.399861 
d_8 d8 0.290312 0.341451 0.368237 
d_9 d9 0.192559 0.332419 0.475022 
d_10 d10 0.242199 0.325196 0.432605 
d_11 d11 0.399834 0.292410 0.307756 
d_12 d12 0.427818 0.177496 0.394687 
d_13 d13 0.070842 0.336359 0.592799 
d_14 d14 0.151263 0.317501 0.531236 
d_15 d15 0.127923 0.226289 0.645788 
d_16 d16 0.155497 0.336627 0.507876 
d_17 d17 0.078812 0.367403 0.553785 
d_18 d18 0.323972 0.455028 0.221000 
d_19 d19 0.185785 0.431699 0.382516 
d_20 d20 0.135714 0.361827 0.502459 
d_21 d21 0.163013 0.383969 0.453018 
d_22 d22 0.102132 0.318065 0.579803 
d_23 d23 0.134318 0.419030 0.446652 
d_24 d24 0.238259 0.446895 0.314847 
d_25 d25 0.171292 0.537699 0.291009 
d_26 d26 0.166452 0.372600 0.460949 
d_27 d27 0.183731 0.325290 0.490978 
d_28 d28 0.277911 0.322249 0.399840 
d_29 d29 0.199299 0.409630 0.391071 
d_30 d30 0.296711 0.406578 0.296711 
d_31 d31 0.194591 0.367629 0.437780 
d_32 d32 0.178451 0.378249 0.443300 
d_33 d33 0.344133 0.324694 0.331173 
d_34 d34 0.328425 0.269526 0.402049 
d_35 d35 0.366707 0.425398 0.207895 
d_36 d36 0.212228 0.399746 0.388026 
d_37 d37 0.256316 0.228310 0.515374 
d_38 d38 0.064838 0.307067 0.628095 
d_39 d39 0.061268 0.450236 0.488496 
d_40 d40 0.119851 0.405267 0.474881 
d_41 d41 0.318875 0.409242 0.271884 
d_42 d42 0.447090 0.383336 0.169573 
d_43 d43 0.150847 0.371253 0.477900 
d_44 d44 0.426123 0.283072 0.290805 
d_45 d45 0.318373 0.297658 0.383969 
d_46 d46 0.230168 0.307542 0.462290 
d_47 d47 0.114451 0.388784 0.496765 
d_48 d48 0.236403 0.347181 0.416417 
d_49 d49 0.272556 0.391900 0.335543 
d_50 d50 0.245498 0.381015 0.373486 
d_51 d51 0.418042 0.292876 0.289083 
d_52 d52 0.344306 0.301983 0.353711 
d_53 d53 0.129948 0.389030 0.481023 
d_54 d54 0.367291 0.362197 0.270512 
d_55 d55 0.250250 0.365644 0.384106 
d_56 d56 0.128340 0.326012 0.545648 
d_57 d57 0.299198 0.411845 0.288957 
d_58 d58 0.320378 0.343697 0.335924 
d_59 d59 0.440486 0.413698 0.145817 
d_60 d60 0.330586 0.363555 0.305859 
d_61 d61 0.280700 0.353440 0.365859 
d_62 d62 0.119418 0.315151 0.565431 
d_63 d63 0.301642 0.285796 0.412562 
d_64 d64 0.107284 0.330966 0.561749 
d_65 d65 0.213695 0.374151 0.412154 
d_66 d66 0.296370 0.280969 0.422660 
d_67 d67 0.097178 0.473031 0.429791 
d_68 d68 0.444137 0.209745 0.346118 
d_69 d69 0.202486 0.325856 0.471658 
d_70 d70 0.176436 0.326002 0.497562 
d_71 d71 0.309824 0.296261 0.393915 
d_72 d72 0.163173 0.419839 0.416987 
d_73 d73 0.258661 0.360745 0.380595 
d_74 d74 0.164384 0.311533 0.524082 
d_75 d75 0.202580 0.525930 0.271490 
d_76 d76 0.229428 0.279525 0.491047 
d_77 d77 0.326034 0.304135 0.369832 
d_78 d78 0.089532 0.380673 0.529795 
d_79 d79 0.222553 0.374274 0.403173 
d_80 d80 0.157932 0.327675 0.514393 
d_81 d81 0.188450 0.303149 0.508401 
d_82 d82 0.283672 0.376145 0.340183 
d_83 d83 0.353992 0.317265 0.328742 
d_84 d84 0.059521 0.438946 0.501532 
d_85 d85 0.368538 0.212074 0.419388 
d_86 d86 0.105366 0.570039 0.324596 
d_87 d87 0.098489 0.378280 0.523232 
d_88 d88 0.289933 0.420134 0.289933 
d_89 d89 0.311239 0.443805 0.244956 
d_90 d90 0.308212 0.433283 0.258505 
d_91 d91 0.112348 0.393016 0.494637 
d_92 d92 0.215897 0.397614 0.386489 
d_93 d93 0.152833 0.312620 0.534547 
d_94 d94 0.426644 0.338405 0.234951 
d_95 d95 0.437478 0.283401 0.279121 
d_96 d96 0.232042 0.420358 0.347600 
d_97 d97 0.380893 0.340943 0.278164 
d_98 d98 0.213919 0.297882 0.488199 
d_99 d99 0.403700 0.266166 0.330135 
d_100 d100 0.156314 0.463578 0.380108 
d_101 d101 0.235307 0.275777 0.488916 
d_102 d102 0.163715 0.314336 0.521949 
d_103 d103 0.229182 0.437485 0.333333 
d_104 d104 0.278027 0.354073 0.367900 
d_105 d105 0.232175 0.410533 0.357292 
d_106 d106 0.154442 0.445779 0.399779 
d_107 d107 0.346058 0.383110 0.270832 
d_108 d108 0.277704 0.330805 0.391491 
d_109 d109 0.200990 0.304563 0.494447 
d_110 d110 0.181318 0.445345 0.373337 
d_111 d111 0.134863 0.311566 0.553571 
d_112 d112 0.071517 0.335479 0.593004 
d_113 d113 0.388602 0.229053 0.382345 
d_114 d114 0.320378 0.312605 0.367016 
d_115 d115 0.244060 0.341449 0.414491 
d_116 d116 0.520606 0.245430 0.233964 
d_117 d117 0.133315 0.320488 0.546197 
d_118 d118 0.402616 0.328775 0.268608 
d_119 d119 0.250293 0.401932 0.347775 
d_120 d120 0.235975 0.545064 0.218961 
d_121 d121 0.359024 0.226902 0.414075 
d_122 d122 0.266741 0.321381 0.411879 
d_123 d123 0.147625 0.256792 0.595583 
d_124 d124 0.261581 0.334230 0.404189 
d_125 d125 0.259036 0.336871 0.404092 
d_126 d126 0.255826 0.275203 0.468970 
d_127 d127 0.165938 0.467250 0.366812 
d_128 d128 0.213181 0.260889 0.525930 
d_129 d129 0.175720 0.277043 0.547237 
d_130 d130 0.151498 0.374153 0.474348 
d_131 d131 0.109157 0.379256 0.511586 
d_132 d132 0.186601 0.331403 0.481996 
d_133 d133 0.189107 0.240345 0.570547 
d_134 d134 0.164349 0.343732 0.491919 
d_135 d135 0.191584 0.466153 0.342262 
d_136 d136 0.110891 0.515246 0.373863 
d_137 d137 0.034054 0.362892 0.603054 
d_138 d138 0.108643 0.488402 0.402956 
d_139 d139 0.117850 0.422355 0.459795 
d_140 d140 0.129038 0.345523 0.525439 
d_141 d141 0.149863 0.375803 0.474334 
d_142 d142 0.487889 0.199558 0.312553 
d_143 d143 0.112296 0.413710 0.473993 
d_144 d144 0.117383 0.295333 0.587284 
d_145 d145 0.235464 0.374260 0.390275 
d_146 d146 0.163691 0.318337 0.517972 
d_147 d147 0.272843 0.348944 0.378214 
d_148 d148 0.109252 0.402808 0.487940 
d_149 d149 0.162767 0.355201 0.482032 
d_150 d150 0.142284 0.248423 0.609293 
d_151 d151 0.300480 0.261055 0.438465 
d_152 d152 0.268537 0.334556 0.396907 
d_153 d153 0.365870 0.273397 0.360733 
d_154 d154 0.145073 0.316766 0.538160 
d_155 d155 0.314944 0.327675 0.357380 
d_156 d156 0.330516 0.402352 0.267131 
d_157 d157 0.425983 0.331971 0.242046 
d_158 d158 0.113746 0.317021 0.569233 
d_159 d159 0.226035 0.311064 0.462901 
d_160 d160 0.252907 0.252907 0.494187 
d_161 d161 0.167331 0.500947 0.331722 
d_162 d162 0.196110 0.296806 0.507083 
d_163 d163 0.294358 0.314321 0.391321 
d_164 d164 0.361148 0.296669 0.342183 
d_165 d165 0.340881 0.352203 0.306916 
d_166 d166 0.155360 0.441966 0.402673 
d_167 d167 0.473517 0.222054 0.304430 
d_168 d168 0.509428 0.265221 0.225351 
d_169 d169 0.155670 0.370585 0.473745 
d_170 d170 0.279515 0.344097 0.376388 
d_171 d171 0.551456 0.140736 0.307808 
d_172 d172 0.116537 0.429687 0.453776 
d_173 d173 0.168664 0.241313 0.590023 
d_174 d174 0.087361 0.298689 0.613950 
d_175 d175 0.155571 0.362005 0.482424 
d_176 d176 0.207570 0.370820 0.421610 
d_177 d177 0.193494 0.375893 0.430613 
d_178 d178 0.505012 0.227685 0.267303 
d_179 d179 0.175798 0.427855 0.396348 
d_180 d180 0.205763 0.304858 0.489379 
d_181 d181 0.490615 0.245790 0.263595 
d_182 d182 0.270665 0.313032 0.416303 
d_183 d183 0.134488 0.355643 0.509870 
d_184 d184 0.193079 0.339431 0.467490 
d_185 d185 0.273963 0.341249 0.384788 
d_186 d186 0.185861 0.376653 0.437486 
d_187 d187 0.269062 0.393014 0.337924 
d_188 d188 0.160616 0.310944 0.528440 
d_189 d189 0.077966 0.493116 0.428918 
d_190 d190 0.103386 0.349565 0.547049 
d_191 d191 0.297376 0.314231 0.388393 
d_192 d192 0.168450 0.435331 0.396219 
d_193 d193 0.296073 0.363142 0.340785 
d_194 d194 0.540432 0.213434 0.246134 
d_195 d195 0.390933 0.310492 0.298575 
d_196 d196 0.366905 0.197279 0.435816 
d_197 d197 0.384433 0.187335 0.428233 
d_198 d198 0.322831 0.410351 0.266818 
d_199 d199 0.195662 0.402169 0.402169 
d_200 d200 0.105020 0.510749 0.384231 
d_201 d201 0.360203 0.324377 0.315420 
d_202 d202 0.203979 0.377938 0.418083 
d_203 d203 0.389500 0.319292 0.291208 
d_204 d204 0.131734 0.319430 0.548836 
d_205 d205 0.275885 0.236715 0.487400 
d_206 d206 0.236403 0.453343 0.310255 
d_207 d207 0.271123 0.359773 0.369105 
d_208 d208 0.273851 0.315675 0.410474 
d_209 d209 0.155093 0.309408 0.535499 
d_210 d210 0.129875 0.369280 0.500845 
d_211 d211 0.389195 0.258396 0.352408 
d_212 d212 0.108523 0.320586 0.570891 
d_213 d213 0.252143 0.267607 0.480250 
d_214 d214 0.184561 0.323415 0.492024 
d_215 d215 0.239196 0.209854 0.550951 
d_216 d216 0.233324 0.363525 0.403151 
d_217 d217 0.351697 0.213971 0.434332 
d_218 d218 0.313015 0.340106 0.346879 
d_219 d219 0.137280 0.477794 0.384926 
d_220 d220 0.142311 0.371538 0.486151 
d_221 d221 0.164903 0.474393 0.360703 
d_222 d222 0.123348 0.413400 0.463253 
d_223 d223 0.176436 0.466769 0.356795 
d_224 d224 0.225697 0.319708 0.454595 
d_225 d225 0.098436 0.401942 0.499622 
d_226 d226 0.229811 0.350420 0.419770 
d_227 d227 0.232934 0.334914 0.432151 
d_228 d228 0.327879 0.246057 0.426065 
d_229 d229 0.267199 0.383337 0.349464 
d_230 d230 0.143172 0.497177 0.359650 
d_231 d231 0.149098 0.396141 0.454761 
d_232 d232 0.156122 0.547852 0.296026 
d_233 d233 0.412056 0.324586 0.263357 
d_234 d234 0.116375 0.359009 0.524616 
d_235 d235 0.264364 0.244341 0.491295 
d_236 d236 0.247678 0.351132 0.401190 
d_237 d237 0.184346 0.548650 0.267003 
d_238 d238 0.246531 0.404242 0.349227 
d_239 d239 0.473206 0.273888 0.252907 
d_240 d240 0.233174 0.306017 0.460809 
d_241 d241 0.191668 0.306921 0.501411 
d_242 d242 0.289991 0.400754 0.309254 
d_243 d243 0.329120 0.394431 0.276449 
d_244 d244 0.146388 0.363424 0.490189 
d_245 d245 0.132303 0.355783 0.511914 
d_246 d246 0.492410 0.262525 0.245065 
d_247 d247 0.349940 0.322262 0.327798 
d_248 d248 0.151266 0.226088 0.622646 
d_249 d249 0.383283 0.239811 0.376906 
d_250 d250 0.363588 0.331698 0.304714 
d_251 d251 0.405140 0.297430 0.297430 
d_252 d252 0.069859 0.416030 0.514111 
d_253 d253 0.214308 0.376281 0.409412 
d_254 d254 0.271974 0.265515 0.462511 
d_255 d255 0.178870 0.262043 0.559087 
d_256 d256 0.071213 0.330228 0.598559 
d_257 d257 0.365145 0.274603 0.360251 
d_258 d258 0.327034 0.322309 0.350658 
d_259 d259 0.197130 0.299829 0.503041 
d_260 d260 0.083921 0.557443 0.358636 
d_261 d261 0.173277 0.405679 0.421044 
d_262 d262 0.335561 0.362290 0.302149 
d_263 d263 0.153129 0.361881 0.484990 
d_264 d264 0.336260 0.377958 0.285782 
d_265 d265 0.125297 0.396839 0.477864 
d_266 d266 0.279385 0.309356 0.411259 
d_267 d267 0.263595 0.410490 0.325914 
d_268 d268 0.131577 0.439430 0.428994 
d_269 d269 0.115494 0.308502 0.576004 
d_270 d270 0.186684 0.345065 0.468250 
d_271 d271 0.194034 0.355674 0.450292 
d_272 d272 0.237316 0.332520 0.430164 
d_273 d273 0.317447 0.405616 0.276937 
d_274 d274 0.072292 0.477641 0.450067 
d_275 d275 0.507557 0.293262 0.199181 
d_276 d276 0.128428 0.362346 0.509225 
d_277 d277 0.147076 0.373605 0.479319 
d_278 d278 0.179140 0.420343 0.400518 
d_279 d279 0.253221 0.285266 0.461513 
d_280 d280 0.342316 0.274946 0.382738 
d_281 d281 0.101662 0.330423 0.567915 
d_282 d282 0.172425 0.446916 0.380659 
d_283 d283 0.346244 0.325389 0.328368 
d_284 d284 0.138165 0.388519 0.473316 
d_285 d285 0.170477 0.483662 0.345861 
d_286 d286 0.078096 0.444097 0.477807 
d_287 d287 0.270522 0.407230 0.322249 
d_288 d288 0.265853 0.328143 0.406004 
d_289 d289 0.246365 0.352358 0.401277 
d_290 d290 0.385553 0.304850 0.309597 
d_291 d291 0.129885 0.451119 0.418996 
d_292 d292 0.203286 0.306114 0.490599 
d_293 d293 0.292235 0.363223 0.344542 
d_294 d294 0.252826 0.317851 0.429323 
d_295 d295 0.084949 0.396874 0.518178 
d_296 d296 0.063433 0.403742 0.532825 
d_297 d297 0.096291 0.351023 0.552686 
d_298 d298 0.368734 0.308047 0.323219 
d_299 d299 0.123877 0.314852 0.561271 
d_300 d300 0.153235 0.351571 0.495194 
d_301 d301 0.636630 0.253703 0.109667 
d_302 d302 0.069534 0.477641 0.452824 
d_303 d303 0.408086 0.367063 0.224851 
d_304 d304 0.163219 0.314002 0.522779 
d_305 d305 0.392014 0.315474 0.292512 
d_306 d306 0.082753 0.471191 0.446057 
d_307 d307 0.081483 0.390572 0.527945 
d_308 d308 0.293126 0.275161 0.431712 
d_309 d309 0.382780 0.349404 0.267816 
d_310 d310 0.074644 0.278416 0.646940 
d_311 d311 0.379820 0.329757 0.290423 
d_312 d312 0.210614 0.368857 0.420529 
d_313 d313 0.184693 0.274659 0.540648 
d_314 d314 0.271584 0.425204 0.303212 
d_315 d315 0.119411 0.410966 0.469622 
d_316 d316 0.311514 0.349698 0.338788 
d_317 d317 0.188946 0.483638 0.327416 
d_318 d318 0.205630 0.302756 0.491614 
d_319 d319 0.089476 0.425704 0.484820 
d_320 d320 0.128224 0.415863 0.455914 
d_321 d321 0.285442 0.404765 0.309793 
d_322 d322 0.064810 0.407366 0.527825 
d_323 d323 0.128847 0.321125 0.550028 
d_324 d324 0.184963 0.523076 0.291961 
d_325 d325 0.342735 0.349786 0.307480 
d_326 d326 0.165193 0.315864 0.518943 
d_327 d327 0.332346 0.329384 0.338269 
d_328 d328 0.175014 0.537111 0.287875 
d_329 d329 0.123736 0.421585 0.454679 
d_330 d330 0.416217 0.259174 0.324609 
d_331 d331 0.104683 0.454587 0.440730 
d_332 d332 0.105215 0.397801 0.496983 
d_333 d333 0.190040 0.502680 0.307280 
d_334 d334 0.224288 0.386458 0.389254 
d_335 d335 0.082849 0.406116 0.511035 
d_336 d336 0.396533 0.279427 0.324039 
d_337 d337 0.174887 0.399779 0.425334 
d_338 d338 0.153540 0.510443 0.336017 
d_339 d339 0.173976 0.354665 0.471360 
d_340 d340 0.488483 0.202053 0.309464 
d_341 d341 0.144032 0.347674 0.508294 
d_342 d342 0.372279 0.338897 0.288824 
d_343 d343 0.342056 0.403111 0.254834 
d_344 d344 0.199465 0.345933 0.454603 
d_345 d345 0.109092 0.354588 0.536320 
d_346 d346 0.242746 0.420333 0.336921 
d_347 d347 0.159400 0.262387 0.578213 
d_348 d348 0.132227 0.466795 0.400978 
d_349 d349 0.140430 0.455900 0.403670 
d_350 d350 0.140459 0.306545 0.552996 
d_351 d351 0.298936 0.283649 0.417415 
d_352 d352 0.281952 0.408570 0.309478 
d_353 d353 0.208442 0.334245 0.457313 
d_354 d354 0.310222 0.322828 0.366950 
d_355 d355 0.345804 0.218606 0.435590 
d_356 d356 0.297779 0.390921 0.311300 
d_357 d357 0.226255 0.303352 0.470393 
d_358 d358 0.165470 0.373335 0.461195 
d_359 d359 0.267356 0.325179 0.407465 
d_360 d360 0.153679 0.328842 0.517479 
d_361 d361 0.392759 0.357103 0.250138 
d_362 d362 0.363268 0.256832 0.379899 
d_363 d363 0.501982 0.264188 0.233831 
d_364 d364 0.089946 0.353202 0.556853 
d_365 d365 0.039684 0.318651 0.641666 
d_366 d366 0.154253 0.314728 0.531019 
d_367 d367 0.095649 0.332238 0.572113 
d_368 d368 0.181634 0.303141 0.515225 
d_369 d369 0.118254 0.297225 0.584521 
d_370 d370 0.217330 0.364971 0.417699 
d_371 d371 0.108279 0.381027 0.510694 
d_372 d372 0.259457 0.263561 0.476982 
d_373 d373 0.064059 0.394301 0.541640 
d_374 d374 0.203389 0.352443 0.444168 
d_375 d375 0.245935 0.323304 0.430762 
d_376 d376 0.192717 0.378456 0.428826 
d_377 d377 0.257612 0.390125 0.352264 
d_378 d378 0.142810 0.404884 0.452307 
d_379 d379 0.192067 0.251925 0.556008 
d_380 d380 0.134237 0.331802 0.533961 
d_381 d381 0.325528 0.445534 0.228938 
d_382 d382 0.264967 0.358726 0.376306 
d_383 d383 0.344177 0.304416 0.351407 
d_384 d384 0.234626 0.339827 0.425547 
d_385 d385 0.320710 0.266007 0.413283 
d_386 d386 0.241204 0.369384 0.389412 
d_387 d387 0.281847 0.295889 0.422264 
d_388 d388 0.166335 0.439605 0.394060 
d_389 d389 0.191357 0.251136 0.557507 
d_390 d390 0.178545 0.465240 0.356215 
d_391 d391 0.199703 0.367396 0.432901 
d_392 d392 0.187921 0.442170 0.369909 
d_393 d393 0.397068 0.299728 0.303204 
d_394 d394 0.167322 0.348425 0.484253 
d_395 d395 0.416107 0.277699 0.306194 
d_396 d396 0.358833 0.273835 0.367332 
d_397 d397 0.161230 0.269376 0.569394 
d_398 d398 0.247559 0.318733 0.433707 
d_399 d399 0.212741 0.311408 0.475851 
d_400 d400 0.102434 0.512758 0.384808 
d_401 d401 0.192951 0.378618 0.428431 
d_402 d402 0.286621 0.391230 0.322149 
d_403 d403 0.252002 0.299307 0.448691 
d_404 d404 0.194612 0.272038 0.533349 
d_405 d405 0.052520 0.410160 0.537320 
d_406 d406 0.212471 0.427456 0.360073 
d_407 d407 0.445256 0.305353 0.249391 
d_408 d408 0.329375 0.182928 0.487697 
d_409 d409 0.399830 0.345068 0.255101 
d_410 d410 0.499513 0.153679 0.346807 
d_411 d411 0.309487 0.300544 0.389969 
d_412 d412 0.292686 0.367855 0.339458 
d_413 d413 0.084616 0.355096 0.560288 
d_414 d414 0.434038 0.284294 0.281667 
d_415 d415 0.094021 0.337684 0.568295 
d_416 d416 0.128278 0.279703 0.592019 
d_417 d417 0.184434 0.437880 0.377686 
d_418 d418 0.235502 0.359422 0.405076 
d_419 d419 0.301427 0.331510 0.367063 
d_420 d420 0.165266 0.308302 0.526432 
d_421 d421 0.236646 0.401583 0.361771 
d_422 d422 0.040486 0.545648 0.413866 
d_423 d423 0.424876 0.320850 0.254274 
d_424 d424 0.194005 0.253717 0.552278 
d_425 d425 0.139672 0.386224 0.474104 
d_426 d426 0.138671 0.369699 0.491631 
d_427 d427 0.386131 0.335947 0.277922 
d_428 d428 0.193140 0.321305 0.485555 
d_429 d429 0.239751 0.256512 0.503736 
d_430 d430 0.324242 0.293071 0.382687 
d_431 d431 0.230679 0.327467 0.441854 
d_432 d432 0.146764 0.470074 0.383162 
d_433 d433 0.194074 0.379130 0.426796 
d_434 d434 0.207564 0.472204 0.320232 
d_435 d435 0.195687 0.388392 0.415921 
d_436 d436 0.244288 0.302999 0.452713 
d_437 d437 0.093603 0.389193 0.517204 
d_438 d438 0.125456 0.388393 0.486151 
d_439 d439 0.245790 0.236887 0.517323 
d_440 d440 0.233872 0.291891 0.474237 
d_441 d441 0.142193 0.532468 0.325339 
d_442 d442 0.239447 0.476297 0.284256 
d_443 d443 0.076680 0.463556 0.459764 
d_444 d444 0.102285 0.380555 0.517160 
d_445 d445 0.300365 0.384285 0.315350 
d_446 d446 0.413983 0.246479 0.339537 
d_447 d447 0.085824 0.333333 0.580843 
d_448 d448 0.395733 0.390674 0.213593 
d_449 d449 0.276646 0.408204 0.315151 
d_450 d450 0.099571 0.410268 0.490161 
d_451 d451 0.268782 0.292616 0.438602 
d_452 d452 0.381072 0.338107 0.280821 
d_453 d453 0.277413 0.291393 0.431194 
d_454 d454 0.271920 0.431263 0.296817 
d_455 d455 0.197023 0.434870 0.368106 
d_456 d456 0.134212 0.434563 0.431225 
d_457 d457 0.297210 0.339988 0.362802 
d_458 d458 0.245627 0.297041 0.457332 
d_459 d459 0.183843 0.289885 0.526271 
d_460 d460 0.189711 0.377726 0.432563 
d_461 d461 0.261682 0.321137 0.417181 
d_462 d462 0.143652 0.298575 0.557773 
d_463 d463 0.235042 0.286528 0.478430 
d_464 d464 0.301145 0.380153 0.318702 
d_465 d465 0.408074 0.329123 0.262803 
d_466 d466 0.073686 0.591554 0.334760 
d_467 d467 0.449003 0.315260 0.235737 
d_468 d468 0.376709 0.246581 0.376709 
d_469 d469 0.158044 0.349489 0.492467 
d_470 d470 0.142793 0.389706 0.467501 
d_471 d471 0.155922 0.399863 0.444216 
d_472 d472 0.182568 0.605424 0.212008 
d_473 d473 0.178095 0.286161 0.535743 
d_474 d474 0.250260 0.317358 0.432383 
d_475 d475 0.181634 0.272212 0.546154 
d_476 d476 0.379072 0.334570 0.286359 
d_477 d477 0.194277 0.226367 0.579356 
d_478 d478 0.086775 0.471910 0.441315 
d_479 d479 0.346227 0.334139 0.319634 
d_480 d480 0.165965 0.490306 0.343729 
d_481 d481 0.134472 0.412492 0.453036 
d_482 d482 0.348674 0.363057 0.288269 
d_483 d483 0.412608 0.247961 0.339431 
d_484 d484 0.144582 0.394296 0.461121 
d_485 d485 0.189365 0.433675 0.376960 
d_486 d486 0.068671 0.355073 0.576256 
d_487 d487 0.442477 0.320642 0.236881 
d_488 d488 0.132347 0.395456 0.472197 
d_489 d489 0.130285 0.388338 0.481377 
d_490 d490 0.150211 0.373010 0.476779 
d_491 d491 0.200897 0.444914 0.354189 
d_492 d492 0.252582 0.424955 0.322463 
d_493 d493 0.412856 0.326104 0.261040 
d_494 d494 0.094705 0.445583 0.459712 
d_495 d495 0.188746 0.373095 0.438159 
d_496 d496 0.239722 0.281847 0.478430 
d_497 d497 0.424248 0.269932 0.305820 
d_498 d498 0.130445 0.366750 0.502805 
d_499 d499 0.115725 0.463739 0.420537 
d_500 d500 0.164491 0.343724 0.491785 
d_501 d501 0.129846 0.363592 0.506562 
d_502 d502 0.407795 0.303172 0.289033 
d_503 d503 0.185136 0.448598 0.366266 
d_504 d504 0.450292 0.249228 0.300480 
d_505 d505 0.141164 0.362015 0.496821 
d_506 d506 0.240955 0.287144 0.471901 
d_507 d507 0.225176 0.277591 0.497234 
d_508 d508 0.460107 0.248818 0.291076 
d_509 d509 0.336673 0.336673 0.326655 
d_510 d510 0.137088 0.323898 0.539013 
d_511 d511 0.335104 0.315623 0.349272 
d_512 d512 0.162619 0.367476 0.469905 
d_513 d513 0.112000 0.351874 0.536126 
d_514 d514 0.232984 0.384546 0.382470 
d_515 d515 0.234924 0.324179 0.440897 
d_516 d516 0.327985 0.353655 0.318359 
d_517 d517 0.227628 0.364423 0.407949 
d_518 d518 0.386805 0.334779 0.278416 
d_519 d519 0.186785 0.626430 0.186785 
d_520 d520 0.321568 0.430665 0.247767 
d_521 d521 0.135931 0.392844 0.471224 
d_522 d522 0.311553 0.273437 0.415010 
d_523 d523 0.487499 0.222066 0.290435 
d_524 d524 0.303170 0.444125 0.252705 
d_525 d525 0.258123 0.293378 0.448499 
d_526 d526 0.247999 0.292281 0.459720 
d_527 d527 0.264665 0.412641 0.322695 
d_528 d528 0.254778 0.481381 0.263842 
d_529 d529 0.227429 0.345437 0.427134 
d_530 d530 0.225825 0.410605 0.363570 
d_531 d531 0.256948 0.495151 0.247902 
d_532 d532 0.378362 0.300154 0.321484 
d_533 d533 0.247137 0.357277 0.395586 
d_534 d534 0.266565 0.349300 0.384135 
d_535 d535 0.198851 0.393239 0.407910 
d_536 d536 0.417363 0.257623 0.325014 
d_537 d537 0.244811 0.244811 0.510377 
d_538 d538 0.368523 0.303820 0.327658 
d_539 d539 0.113534 0.363107 0.523359 
d_540 d540 0.104554 0.562113 0.333333 
d_541 d541 0.196960 0.269408 0.533632 
d_542 d542 0.264758 0.446483 0.288759 
d_543 d543 0.351427 0.341558 0.307015 
d_544 d544 0.281837 0.430146 0.288017 
d_545 d545 0.471543 0.289852 0.238605 
d_546 d546 0.224629 0.378368 0.397003 
d_547 d547 0.369557 0.204189 0.426254 
d_548 d548 0.165572 0.319353 0.515075 
d_549 d549 0.156460 0.507547 0.335993 
d_550 d550 0.082233 0.382249 0.535518 
d_551 d551 0.352469 0.332501 0.315030 
d_552 d552 0.186638 0.284714 0.528647 
d_553 d553 0.120426 0.406008 0.473566 
d_554 d554 0.259192 0.357472 0.383335 
d_555 d555 0.496688 0.229876 0.273437 
d_556 d556 0.305903 0.329905 0.364192 
d_557 d557 0.084880 0.281356 0.633765 
d_558 d558 0.208561 0.479221 0.312218 
d_559 d559 0.362299 0.408034 0.229667 
d_560 d560 0.254881 0.352270 0.392849 
d_561 d561 0.149403 0.311306 0.539292 
d_562 d562 0.131962 0.362518 0.505521 
d_563 d563 0.146338 0.469330 0.384332 
d_564 d564 0.294480 0.408505 0.297014 
d_565 d565 0.391202 0.277273 0.331525 
d_566 d566 0.177596 0.277713 0.544691 
d_567 d567 0.148063 0.338451 0.513486 
d_568 d568 0.385700 0.297014 0.317285 
d_569 d569 0.182243 0.429074 0.388683 
d_570 d570 0.401606 0.214097 0.384297 
d_571 d571 0.215468 0.495625 0.288907 
d_572 d572 0.137786 0.274882 0.587332 
d_573 d573 0.295330 0.349335 0.355336 
d_574 d574 0.291089 0.299829 0.409083 
d_575 d575 0.264665 0.360414 0.374921 
d_576 d576 0.202714 0.337415 0.459870 
d_577 d577 0.095772 0.424703 0.479525 
d_578 d578 0.225584 0.457660 0.316756 
d_579 d579 0.197044 0.282004 0.520952 
d_580 d580 0.235314 0.477714 0.286973 
d_581 d581 0.113241 0.329276 0.557483 
d_582 d582 0.200393 0.304630 0.494977 
d_583 d583 0.376815 0.335073 0.288112 
d_584 d584 0.406333 0.258509 0.335158 
d_585 d585 0.472850 0.345611 0.181539 
d_586 d586 0.146184 0.276903 0.576913 
d_587 d587 0.195183 0.426249 0.378568 
d_588 d588 0.238751 0.405661 0.355588 
d_589 d589 0.388735 0.286455 0.324810 
d_590 d590 0.324729 0.367752 0.307519 
d_591 d591 0.304235 0.382342 0.313424 
d_592 d592 0.189579 0.397540 0.412881 
d_593 d593 0.125384 0.468500 0.406116 
d_594 d594 0.292340 0.392440 0.315220 
d_595 d595 0.157491 0.306281 0.536228 
d_596 d596 0.308596 0.329799 0.361604 
d_597 d597 0.120638 0.385619 0.493743 
d_598 d598 0.259128 0.380555 0.360317 
d_599 d599 0.074296 0.484116 0.441588 
d_600 d600 0.393297 0.322626 0.284078 
d_601 d601 0.062198 0.364671 0.573132 
d_602 d602 0.200421 0.526218 0.273361 
d_603 d603 0.094641 0.467001 0.438358 
d_604 d604 0.084473 0.529639 0.385888 
d_605 d605 0.233174 0.428940 0.337886 
d_606 d606 0.327352 0.399127 0.273521 
d_607 d607 0.131865 0.397658 0.470478 
d_608 d608 0.081398 0.364104 0.554498 
d_609 d609 0.171556 0.404249 0.424195 
d_610 d610 0.361133 0.320561 0.318306 
d_611 d611 0.229084 0.372206 0.398710 
d_612 d612 0.371255 0.254239 0.374506 
d_613 d613 0.354338 0.235311 0.410351 
d_614 d614 0.248473 0.371374 0.380153 
d_615 d615 0.197537 0.228609 0.573854 
d_616 d616 0.233324 0.284272 0.482404 
d_617 d617 0.276940 0.372809 0.350251 
d_618 d618 0.193137 0.421457 0.385406 
d_619 d619 0.210583 0.347897 0.441520 
d_620 d620 0.190066 0.317310 0.492625 
d_621 d621 0.138814 0.316500 0.544687 
d_622 d622 0.190089 0.505049 0.304862 
d_623 d623 0.125887 0.365892 0.508221 
d_624 d624 0.277186 0.299433 0.423380 
d_625 d625 0.195780 0.346345 0.457874 
d_626 d626 0.305999 0.359725 0.334276 
d_627 d627 0.404357 0.248872 0.346770 
d_628 d628 0.216070 0.391965 0.391965 
d_629 d629 0.426690 0.188823 0.384487 
d_630 d630 0.113899 0.305454 0.580647 
d_631 d631 0.244882 0.420358 0.334760 
d_632 d632 0.166425 0.323677 0.509897 
d_633 d633 0.303775 0.300080 0.396145 
d_634 d634 0.104397 0.583566 0.312037 
d_635 d635 0.082701 0.349102 0.568198 
d_636 d636 0.311089 0.331399 0.357512 
d_637 d637 0.263406 0.281099 0.455495 
d_638 d638 0.478093 0.292447 0.229460 
d_639 d639 0.315699 0.397259 0.287042 
d_640 d640 0.109019 0.401429 0.489552 
d_641 d641 0.178120 0.337418 0.484462 
d_642 d642 0.463949 0.301669 0.234382 
d_643 d643 0.297688 0.354126 0.348186 
d_644 d644 0.175318 0.319332 0.505351 
d_645 d645 0.425187 0.325736 0.249076 
d_646 d646 0.400328 0.360550 0.239122 
d_647 d647 0.153239 0.302611 0.544150 
d_648 d648 0.264558 0.467501 0.267941 
d_649 d649 0.227496 0.344133 0.428371 
d_650 d650 0.199438 0.387883 0.412679 
d_651 d651 0.390758 0.286744 0.322499 
d_652 d652 0.261337 0.429914 0.308749 
d_653 d653 0.248714 0.343911 0.407375 
d_654 d654 0.270082 0.347981 0.381937 
d_655 d655 0.168940 0.389377 0.441684 
d_656 d656 0.321084 0.362844 0.316072 
d_657 d657 0.145070 0.317311 0.537619 
d_658 d658 0.340317 0.357078 0.302605 
d_659 d659 0.317708 0.397675 0.284618 
d_660 d660 0.255204 0.402534 0.342262 
d_661 d661 0.114865 0.391682 0.493453 
d_662 d662 0.203977 0.360363 0.435660 
d_663 d663 0.180416 0.315956 0.503627 
d_664 d664 0.369050 0.299169 0.331780 
d_665 d665 0.208059 0.358388 0.433553 
d_666 d666 0.240202 0.343312 0.416487 
d_667 d667 0.181862 0.560540 0.257598 
d_668 d668 0.163013 0.377064 0.459923 
d_669 d669 0.292119 0.355107 0.352774 
d_670 d670 0.131313 0.306620 0.562067 
d_671 d671 0.217273 0.493770 0.288957 
d_672 d672 0.414942 0.259144 0.325914 
d_673 d673 0.222869 0.282802 0.494330 
d_674 d674 0.293428 0.390697 0.315875 
d_675 d675 0.166484 0.391731 0.441785 
d_676 d676 0.127628 0.354877 0.517495 
d_677 d677 0.250131 0.298598 0.451270 
d_678 d678 0.364143 0.328593 0.307264 
d_679 d679 0.145040 0.395506 0.459455 
d_680 d680 0.179999 0.354396 0.465605 
d_681 d681 0.064754 0.406582 0.528664 
d_682 d682 0.248353 0.455262 0.296385 
d_683 d683 0.288847 0.344900 0.366253 
d_684 d684 0.211997 0.276579 0.511424 
d_685 d685 0.325278 0.401231 0.273491 
d_686 d686 0.163356 0.460556 0.376088 
d_687 d687 0.188823 0.392161 0.419017 
d_688 d688 0.244956 0.314728 0.440316 
d_689 d689 0.214561 0.289388 0.496051 
d_690 d690 0.351716 0.277660 0.370624 
d_691 d691 0.118558 0.325663 0.555779 
d_692 d692 0.346982 0.354426 0.298592 
d_693 d693 0.283254 0.428940 0.287806 
d_694 d694 0.083926 0.473002 0.443073 
d_695 d695 0.109829 0.353085 0.537086 
d_696 d696 0.325539 0.299817 0.374644 
d_697 d697 0.366506 0.419191 0.214303 
d_698 d698 0.330040 0.323454 0.346506 
d_699 d699 0.252855 0.405527 0.341618 
d_700 d700 0.209340 0.501362 0.289298 
d_701 d701 0.234107 0.368354 0.397539 
d_702 d702 0.303658 0.259144 0.437199 
d_703 d703 0.252176 0.413181 0.334642 
d_704 d704 0.251784 0.290413 0.457804 
d_705 d705 0.229879 0.255742 0.514379 
d_706 d706 0.175367 0.321456 0.503177 
d_707 d707 0.298095 0.358503 0.343401 
d_708 d708 0.444148 0.243040 0.312812 
d_709 d709 0.191833 0.471168 0.336999 
d_710 d710 0.104379 0.405691 0.489929 
d_711 d711 0.102306 0.371299 0.526394 
d_712 d712 0.157526 0.356265 0.486209 
d_713 d713 0.367000 0.273481 0.359519 
d_714 d714 0.188494 0.374018 0.437487 
d_715 d715 0.124570 0.488343 0.387087 
d_716 d716 0.184291 0.282659 0.533050 
d_717 d717 0.198682 0.442738 0.358581 
d_718 d718 0.305088 0.293637 0.401275 
d_719 d719 0.164259 0.339399 0.496342 
d_720 d720 0.286687 0.213919 0.499394 
d_721 d721 0.158828 0.360180 0.480991 
d_722 d722 0.391682 0.261415 0.346903 
d_723 d723 0.377583 0.327138 0.295279 
d_724 d724 0.068963 0.476849 0.454188 
d_725 d725 0.262803 0.325965 0.411232 
d_726 d726 0.224532 0.349728 0.425740 
d_727 d727 0.238158 0.492935 0.268907 
d_728 d728 0.148899 0.344463 0.506638 
d_729 d729 0.182444 0.469905 0.347651 
d_730 d730 0.346332 0.356731 0.296937 
d_731 d731 0.193001 0.464784 0.342215 
d_732 d732 0.140295 0.339262 0.520443 
d_733 d733 0.283271 0.297574 0.419155 
d_734 d734 0.239939 0.485492 0.274568 
d_735 d735 0.373335 0.439655 0.187010 
d_736 d736 0.091783 0.313035 0.595183 
d_737 d737 0.541615 0.219274 0.239111 
d_738 d738 0.081186 0.384494 0.534320 
d_739 d739 0.184777 0.400720 0.414503 
d_740 d740 0.401458 0.323796 0.274746 
d_741 d741 0.288493 0.397987 0.313520 
d_742 d742 0.178545 0.521771 0.299684 
d_743 d743 0.168517 0.466024 0.365458 
d_744 d744 0.219926 0.321149 0.458925 
d_745 d745 0.234044 0.429445 0.336511 
d_746 d746 0.141311 0.476758 0.381932 
d_747 d747 0.293420 0.389877 0.316703 
d_748 d748 0.267884 0.346423 0.385693 
d_749 d749 0.118409 0.375837 0.505754 
d_750 d750 0.366419 0.294233 0.339349 
d_751 d751 0.066143 0.520912 0.412945 
d_752 d752 0.326865 0.198784 0.474352 
d_753 d753 0.148605 0.345906 0.505489 
d_754 d754 0.213102 0.294005 0.492893 
d_755 d755 0.072454 0.367068 0.560478 
d_756 d756 0.138671 0.366490 0.494839 
d_757 d757 0.289753 0.241585 0.468662 
d_758 d758 0.216055 0.311514 0.472431 
d_759 d759 0.156223 0.325283 0.518494 
d_760 d760 0.120044 0.530216 0.349740 
d_761 d761 0.129231 0.489877 0.380891 
d_762 d762 0.149919 0.535089 0.314992 
d_763 d763 0.091814 0.357607 0.550580 
d_764 d764 0.236744 0.381628 0.381628 
d_765 d765 0.163013 0.373612 0.463375 
d_766 d766 0.126997 0.301093 0.571910 
d_767 d767 0.125912 0.532868 0.341220 
d_768 d768 0.131148 0.316107 0.552745 
d_769 d769 0.310402 0.291292 0.398306 
d_770 d770 0.271423 0.280163 0.448414 
d_771 d771 0.106507 0.345431 0.548062 
d_772 d772 0.263144 0.287209 0.449647 
d_773 d773 0.277599 0.315817 0.406585 
d_774 d774 0.246479 0.332093 0.421428 
d_775 d775 0.256327 0.364136 0.379537 
d_776 d776 0.277717 0.321790 0.400493 
d_777 d777 0.316979 0.297355 0.385666 
d_778 d778 0.317687 0.298129 0.384184 
d_779 d779 0.181968 0.399144 0.418888 
d_780 d780 0.225351 0.325027 0.449622 
d_781 d781 0.136343 0.287229 0.576428 
d_782 d782 0.363223 0.277290 0.359487 
d_783 d783 0.057371 0.424629 0.518000 
d_784 d784 0.320205 0.343372 0.336422 
d_785 d785 0.289374 0.314101 0.396524 
d_786 d786 0.138084 0.365875 0.496041 
d_787 d787 0.135608 0.461186 0.403206 
d_788 d788 0.237585 0.383487 0.378928 
d_789 d789 0.275499 0.387553 0.336948 
d_790 d790 0.323553 0.220857 0.455590 
d_791 d791 0.093485 0.366996 0.539519 
d_792 d792 0.181860 0.433707 0.384433 
d_793 d793 0.204498 0.401026 0.394475 
d_794 d794 0.257598 0.304204 0.438198 
d_795 d795 0.166431 0.372367 0.461202 
d_796 d796 0.354194 0.321063 0.324744 
d_797 d797 0.231617 0.337136 0.431247 
d_798 d798 0.437060 0.298382 0.264558 
d_799 d799 0.084523 0.396536 0.518941 
d_800 d800 0.217350 0.323865 0.458785 
d_801 d801 0.239462 0.326112 0.434425 
d_802 d802 0.156357 0.321646 0.521997 
d_803 d803 0.282227 0.392037 0.325736 
d_804 d804 0.304850 0.319092 0.376058 
d_805 d805 0.218301 0.351987 0.429711 
d_806 d806 0.172246 0.408843 0.418911 
d_807 d807 0.078387 0.325622 0.595990 
d_808 d808 0.283173 0.344306 0.372521 
d_809 d809 0.200690 0.272317 0.526993 
d_810 d810 0.282345 0.264963 0.452691 
d_811 d811 0.080692 0.471800 0.447508 
d_812 d812 0.123007 0.387611 0.489382 
d_813 d813 0.187138 0.362106 0.450756 
d_814 d814 0.287527 0.390591 0.321882 
d_815 d815 0.280548 0.341454 0.377998 
d_816 d816 0.267652 0.261296 0.471052 
d_817 d817 0.154135 0.379344 0.466521 
d_818 d818 0.386285 0.318204 0.295510 
d_819 d819 0.146498 0.363573 0.489929 
d_820 d820 0.234547 0.397759 0.367694 
d_821 d821 0.363887 0.307480 0.328633 
d_822 d822 0.105226 0.298537 0.596237 
d_823 d823 0.215144 0.495682 0.289175 
d_824 d824 0.327675 0.255534 0.416790 
d_825 d825 0.378368 0.294510 0.327122 
d_826 d826 0.315360 0.343398 0.341242 
d_827 d827 0.300847 0.224272 0.474881 
d_828 d828 0.100341 0.304759 0.594901 
d_829 d829 0.071299 0.336278 0.592424 
d_830 d830 0.215971 0.323128 0.460901 
d_831 d831 0.229126 0.470817 0.300057 
d_832 d832 0.163491 0.489589 0.346921 
d_833 d833 0.246833 0.281257 0.471910 
d_834 d834 0.384550 0.380610 0.234840 
d_835 d835 0.096480 0.482776 0.420743 
d_836 d836 0.170027 0.282752 0.547222 
d_837 d837 0.434981 0.330253 0.234766 
d_838 d838 0.117710 0.508063 0.374227 
d_839 d839 0.158506 0.356562 0.484932 
d_840 d840 0.204881 0.325993 0.469126 
d_841 d841 0.315675 0.304522 0.379804 
d_842 d842 0.311555 0.306329 0.382116 
d_843 d843 0.190753 0.300743 0.508504 
d_844 d844 0.172416 0.299580 0.528003 
d_845 d845 0.171395 0.575623 0.252982 
d_846 d846 0.254678 0.498423 0.246899 
d_847 d847 0.239067 0.403828 0.357105 
d_848 d848 0.155093 0.359651 0.485256 
d_849 d849 0.239676 0.358102 0.402221 
d_850 d850 0.169448 0.388361 0.442192 
d_851 d851 0.259036 0.478389 0.262574 
d_852 d852 0.494603 0.282137 0.223260 
d_853 d853 0.334504 0.285321 0.380174 
d_854 d854 0.103281 0.401138 0.495581 
d_855 d855 0.370837 0.290472 0.338691 
d_856 d856 0.189964 0.368301 0.441734 
d_857 d857 0.204116 0.333333 0.462551 
d_858 d858 0.028407 0.456601 0.514991 
d_859 d859 0.112249 0.441650 0.446101 
d_860 d860 0.240688 0.286376 0.472936 
d_861 d861 0.300792 0.333333 0.365875 
d_862 d862 0.232546 0.490875 0.276579 
d_863 d863 0.164267 0.357690 0.478043 
d_864 d864 0.313471 0.367099 0.319430 
d_865 d865 0.259371 0.305597 0.435032 
d_866 d866 0.252739 0.337874 0.409388 
d_867 d867 0.214104 0.521882 0.264014 
d_868 d868 0.461494 0.269253 0.269253 
d_869 d869 0.068644 0.445595 0.485761 
d_870 d870 0.180971 0.346300 0.472729 
d_871 d871 0.105718 0.381825 0.512457 
d_872 d872 0.157917 0.330754 0.511329 
d_873 d873 0.119921 0.410261 0.469818 
d_874 d874 0.132073 0.443365 0.424562 
d_875 d875 0.167862 0.421585 0.410553 
d_876 d876 0.330514 0.406645 0.262841 
d_877 d877 0.344457 0.311085 0.344457 
d_878 d878 0.180182 0.426644 0.393174 
d_879 d879 0.163433 0.377739 0.458828 
d_880 d880 0.335046 0.473756 0.191198 
d_881 d881 0.317947 0.245412 0.436641 
d_882 d882 0.278040 0.418180 0.303780 
d_883 d883 0.135275 0.328455 0.536270 
d_884 d884 0.158149 0.398165 0.443686 
d_885 d885 0.221095 0.324700 0.454205 
d_886 d886 0.146764 0.494409 0.358827 
d_887 d887 0.399692 0.221946 0.378362 
d_888 d888 0.320232 0.383117 0.296651 
d_889 d889 0.166957 0.333333 0.499709 
d_890 d890 0.379039 0.340646 0.280314 
d_891 d891 0.215581 0.397329 0.387090 
d_892 d892 0.205522 0.351871 0.442607 
d_893 d893 0.182311 0.300560 0.517128 
d_894 d894 0.259300 0.277505 0.463196 
d_895 d895 0.194315 0.343708 0.461977 
d_896 d896 0.265554 0.280900 0.453546 
d_897 d897 0.126865 0.344625 0.528510 
d_898 d898 0.077966 0.283401 0.638633 
d_899 d899 0.354612 0.295687 0.349701 
d_900 d900 0.175010 0.335611 0.489379 
d_901 d901 0.433912 0.320049 0.246039 
d_902 d902 0.194376 0.361781 0.443843 
d_903 d903 0.160502 0.513078 0.326420 
d_904 d904 0.081817 0.499038 0.419145 
d_905 d905 0.217486 0.354126 0.428388 
d_906 d906 0.079253 0.364076 0.556671 
d_907 d907 0.288121 0.394693 0.317186 
d_908 d908 0.313847 0.388675 0.297478 
d_909 d909 0.335100 0.297995 0.366905 
d_910 d910 0.357584 0.291760 0.350655 
d_911 d911 0.221267 0.344454 0.434279 
d_912 d912 0.349772 0.275797 0.374431 
d_913 d913 0.386410 0.348698 0.264893 
d_914 d914 0.201919 0.288652 0.509429 
d_915 d915 0.234205 0.313257 0.452538 
d_916 d916 0.157687 0.404541 0.437772 
d_917 d917 0.253131 0.392742 0.354126 
d_918 d918 0.393628 0.300068 0.306305 
d_919 d919 0.096009 0.450092 0.453899 
d_920 d920 0.437149 0.239900 0.322952 
d_921 d921 0.218966 0.394602 0.386432 
d_922 d922 0.083836 0.413680 0.502484 
d_923 d923 0.060759 0.364328 0.574912 
d_924 d924 0.396695 0.298485 0.304821 
d_925 d925 0.163305 0.399799 0.436896 
d_926 d926 0.076171 0.631527 0.292302 
d_927 d927 0.229968 0.401403 0.368629 
d_928 d928 0.079345 0.403232 0.517423 
d_929 d929 0.227127 0.379799 0.393074 
d_930 d930 0.131007 0.326107 0.542886 
d_931 d931 0.245552 0.367819 0.386629 
d_932 d932 0.279976 0.403461 0.316564 
d_933 d933 0.205830 0.331833 0.462337 
d_934 d934 0.138978 0.351942 0.509080 
d_935 d935 0.317097 0.410089 0.272814 
d_936 d936 0.070159 0.366712 0.563130 
d_937 d937 0.154651 0.379043 0.466307 
d_938 d938 0.093171 0.351807 0.555022 
d_939 d939 0.270920 0.292692 0.436389 
d_940 d940 0.198763 0.351518 0.449718 
d_941 d941 0.288269 0.334292 0.377439 
d_942 d942 0.160571 0.344193 0.495237 
d_943 d943 0.121914 0.338897 0.539189 
d_944 d944 0.112556 0.287968 0.599476 
d_945 d945 0.260717 0.360087 0.379196 
d_946 d946 0.133726 0.493624 0.372650 
d_947 d947 0.438726 0.344545 0.216728 
d_948 d948 0.105424 0.348278 0.546298 
d_949 d949 0.139672 0.337402 0.522926 
d_950 d950 0.236904 0.398565 0.364531 
d_951 d951 0.193685 0.333333 0.472982 
d_952 d952 0.188678 0.486668 0.324654 
d_953 d953 0.126019 0.255101 0.618880 
d_954 d954 0.353226 0.334238 0.312537 
d_955 d955 0.071895 0.265611 0.662493 
d_956 d956 0.214054 0.388733 0.397213 
d_957 d957 0.175513 0.359914 0.464573 
d_958 d958 0.254044 0.296247 0.449709 
d_959 d959 0.079567 0.282080 0.638352 
d_960 d960 0.452882 0.268881 0.278237 
d_961 d961 0.130956 0.366735 0.502309 
d_962 d962 0.265845 0.324744 0.409412 
d_963 d963 0.237631 0.374599 0.387769 
d_964 d964 0.269242 0.265615 0.465143 
d_965 d965 0.145762 0.391579 0.462659 
d_966 d966 0.401629 0.340163 0.258208 
d_967 d967 0.316011 0.322940 0.361049 
d_968 d968 0.351743 0.387091 0.261166 
d_969 d969 0.261542 0.395222 0.343236 
d_970 d970 0.152623 0.363588 0.483789 
d_971 d971 0.371364 0.249492 0.379143 
d_972 d972 0.126494 0.697254 0.176253 
d_973 d973 0.206920 0.336894 0.456186 
d_974 d974 0.328960 0.368321 0.302719 
d_975 d975 0.263705 0.290951 0.445344 
d_976 d976 0.394897 0.374376 0.230727 
d_977 d977 0.324918 0.261800 0.413283 
d_978 d978 0.275562 0.463818 0.260621 
d_979 d979 0.183325 0.362683 0.453992 
d_980 d980 0.118080 0.288017 0.593903 
d_981 d981 0.237404 0.481897 0.280700 
d_982 d982 0.112296 0.358065 0.529639 
d_983 d983 0.147072 0.278330 0.574598 
d_984 d984 0.398337 0.323333 0.278330 
d_985 d985 0.116838 0.432643 0.450519 
d_986 d986 0.208767 0.272225 0.519008 
d_987 d987 0.193722 0.232338 0.573939 
d_988 d988 0.226602 0.336921 0.436477 
d_989 d989 0.282659 0.246889 0.470452 
d_990 d990 0.100365 0.326274 0.573362 
d_991 d991 0.314576 0.385656 0.299768 
d_992 d992 0.124479 0.413829 0.461692 
d_993 d993 0.314542 0.345861 0.339597 
d_994 d994 0.126782 0.328660 0.544558 
d_995 d995 0.129751 0.334911 0.535338 
d_996 d996 0.178279 0.471449 0.350272 
d_997 d997 0.304015 0.484811 0.211174 
d_998 d998 0.120553 0.343972 0.535474 
d_999 d999 0.334517 0.352269 0.313214 
d_1000 d1000 0.251495 0.313548 0.434957 
d_1001 d1001 0.466023 0.302112 0.231865 
d_1002 d1002 0.218808 0.504315 0.276877 
d_1003 d1003 0.195616 0.375659 0.428725 
d_1004 d1004 0.282516 0.216357 0.501127 
d_1005 d1005 0.377058 0.493424 0.129518 
d_1006 d1006 0.196055 0.508841 0.295104 
d_1007 d1007 0.408140 0.414046 0.177814 
d_1008 d1008 0.412864 0.359181 0.227955 
d_1009 d1009 0.247235 0.330684 0.422081 
d_1010 d1010 0.447891 0.292266 0.259844 
d_1011 d1011 0.125795 0.592756 0.281449 
d_1012 d1012 0.371947 0.447244 0.180809 
d_1013 d1013 0.174736 0.544174 0.281090 
d_1014 d1014 0.225325 0.414022 0.360653 
d_1015 d1015 0.269376 0.489156 0.241468 
d_1016 d1016 0.486668 0.282222 0.231110 
d_1017 d1017 0.138927 0.601054 0.260019 
d_1018 d1018 0.294671 0.476384 0.228945 
d_1019 d1019 0.530592 0.272550 0.196858 
d_1020 d1020 0.356675 0.259718 0.383607 
d_1021 d1021 0.065289 0.675655 0.259056 
d_1022 d1022 0.367868 0.354918 0.277214 
d_1023 d1023 0.253509 0.452621 0.293870 
d_1024 d1024 0.357268 0.328098 0.314634 
d_1025 d1025 0.338815 0.334116 0.327068 
d_1026 d1026 0.327883 0.483207 0.188909 
d_1027 d1027 0.241852 0.506887 0.251261 
d_1028 d1028 0.107842 0.449300 0.442858 
