d_0 d0 0.069643 0.411018 0.519339 
d_1 d1 0.102734 0.374789 0.522477 
d_2 d2 0.133320 0.385751 0.480930 
d_3 d3 0.332050 0.397522 0.270428 
d_4 d4 0.137116 0.341865 0.521020 
d_5 d5 0.078741 0.379623 0.541637 
d_6 d6 0.130588 0.339028 0.530383 
d_7 d7 0.390203 0.200279 0.409518 
d_8 d8 0.304923 0.373108 0.321969 
d_9 d9 0.219983 0.384524 0.395493 
d_10 d10 0.264169 0.342284 0.393547 
d_11 d11 0.399834 0.292410 0.307756 
d_12 d12 0.464630 0.184858 0.350512 
d_13 d13 0.075381 0.352245 0.572374 
d_14 d14 0.119599 0.321459 0.558942 
d_15 d15 0.130816 0.237861 0.631323 
d_16 d16 0.181843 0.267468 0.550689 
d_17 d17 0.063781 0.379428 0.556791 
d_18 d18 0.338014 0.412903 0.249083 
d_19 d19 0.168427 0.434592 0.396982 
d_20 d20 0.130199 0.353555 0.516246 
d_21 d21 0.180275 0.380517 0.439208 
d_22 d22 0.102132 0.304978 0.592889 
d_23 d23 0.106696 0.393534 0.499770 
d_24 d24 0.209208 0.468022 0.322769 
d_25 d25 0.164037 0.606627 0.229337 
d_26 d26 0.188539 0.383643 0.427818 
d_27 d27 0.183731 0.331725 0.484544 
d_28 d28 0.285301 0.337028 0.377671 
d_29 d29 0.230230 0.422002 0.347768 
d_30 d30 0.288260 0.398127 0.313614 
d_31 d31 0.157177 0.379321 0.463502 
d_32 d32 0.203232 0.390640 0.406128 
d_33 d33 0.379772 0.331173 0.289054 
d_34 d34 0.295294 0.273207 0.431499 
d_35 d35 0.304563 0.442661 0.252776 
d_36 d36 0.247387 0.382166 0.370446 
d_37 d37 0.238812 0.238812 0.522376 
d_38 d38 0.070675 0.330415 0.598910 
d_39 d39 0.070833 0.462990 0.466178 
d_40 d40 0.092006 0.433113 0.474881 
d_41 d41 0.289957 0.412856 0.297187 
d_42 d42 0.450841 0.394587 0.154572 
d_43 d43 0.143737 0.406802 0.449461 
d_44 d44 0.368129 0.256009 0.375862 
d_45 d45 0.311468 0.308015 0.380517 
d_46 d46 0.200216 0.312534 0.487250 
d_47 d47 0.099859 0.420886 0.479255 
d_48 d48 0.296407 0.314870 0.388722 
d_49 d49 0.289132 0.368694 0.342174 
d_50 d50 0.204091 0.369722 0.426187 
d_51 d51 0.429420 0.273911 0.296669 
d_52 d52 0.372521 0.278470 0.349009 
d_53 d53 0.154354 0.357114 0.488532 
d_54 d54 0.354557 0.362197 0.283246 
d_55 d55 0.227171 0.411801 0.361028 
d_56 d56 0.137126 0.334798 0.528077 
d_57 d57 0.319679 0.381123 0.299198 
d_58 d58 0.289286 0.367016 0.343697 
d_59 d59 0.467274 0.381552 0.151174 
d_60 d60 0.342949 0.363555 0.293495 
d_61 d61 0.254088 0.371182 0.374730 
d_62 d62 0.096957 0.344029 0.559014 
d_63 d63 0.320129 0.235618 0.444254 
d_64 d64 0.100183 0.341618 0.558199 
d_65 d65 0.188360 0.350927 0.460713 
d_66 d66 0.274809 0.271729 0.453463 
d_67 d67 0.127113 0.473031 0.399856 
d_68 d68 0.469707 0.184175 0.346118 
d_69 d69 0.196878 0.309033 0.494089 
d_70 d70 0.139045 0.352396 0.508560 
d_71 d71 0.258285 0.342375 0.399340 
d_72 d72 0.157469 0.428395 0.414136 
d_73 d73 0.275675 0.380595 0.343731 
d_74 d74 0.168472 0.327883 0.503645 
d_75 d75 0.186677 0.578938 0.234385 
d_76 d76 0.240560 0.296224 0.463216 
d_77 d77 0.357318 0.272851 0.369832 
d_78 d78 0.096633 0.384224 0.519143 
d_79 d79 0.173786 0.404979 0.421235 
d_80 d80 0.179150 0.293727 0.527124 
d_81 d81 0.158265 0.339370 0.502364 
d_82 d82 0.304221 0.340183 0.355596 
d_83 d83 0.342515 0.358583 0.298902 
d_84 d84 0.051698 0.403742 0.544560 
d_85 d85 0.329422 0.223809 0.446770 
d_86 d86 0.107749 0.579570 0.312681 
d_87 d87 0.098489 0.411989 0.489522 
d_88 d88 0.346542 0.386169 0.267289 
d_89 d89 0.258910 0.454271 0.286819 
d_90 d90 0.293781 0.455731 0.250488 
d_91 d91 0.097830 0.402694 0.499476 
d_92 d92 0.223314 0.367946 0.408740 
d_93 d93 0.126202 0.365883 0.507915 
d_94 d94 0.423602 0.344490 0.231908 
d_95 d95 0.424638 0.279121 0.296241 
d_96 d96 0.227762 0.450317 0.321920 
d_97 d97 0.358065 0.352357 0.289578 
d_98 d98 0.146749 0.281090 0.572162 
d_99 d99 0.410096 0.278959 0.310944 
d_100 d100 0.134539 0.467207 0.398254 
d_101 d101 0.264985 0.267683 0.467332 
d_102 d102 0.151503 0.346903 0.501594 
d_103 d103 0.203144 0.460630 0.336226 
d_104 d104 0.360986 0.298767 0.340247 
d_105 d105 0.232175 0.391898 0.375926 
d_106 d106 0.144220 0.471335 0.384445 
d_107 d107 0.305638 0.408934 0.285428 
d_108 d108 0.228396 0.349769 0.421835 
d_109 d109 0.187180 0.332183 0.480638 
d_110 d110 0.247325 0.415342 0.337334 
d_111 d111 0.127181 0.315407 0.557412 
d_112 d112 0.087612 0.335479 0.576909 
d_113 d113 0.344804 0.232181 0.423015 
d_114 d114 0.289286 0.343697 0.367016 
d_115 d115 0.246765 0.333333 0.419902 
d_116 d116 0.505319 0.253073 0.241608 
d_117 d117 0.149830 0.287458 0.562712 
d_118 d118 0.416291 0.339715 0.243995 
d_119 d119 0.239462 0.391100 0.369438 
d_120 d120 0.244482 0.525214 0.230304 
d_121 d121 0.348014 0.237912 0.414075 
d_122 d122 0.280401 0.314551 0.405049 
d_123 d123 0.140097 0.268085 0.591819 
d_124 d124 0.205076 0.379972 0.414951 
d_125 d125 0.216581 0.365175 0.418244 
d_126 d126 0.210614 0.301039 0.488347 
d_127 d127 0.159458 0.447810 0.392732 
d_128 d128 0.197279 0.260889 0.541832 
d_129 d129 0.158833 0.271414 0.569753 
d_130 d130 0.162631 0.335189 0.502180 
d_131 d131 0.114596 0.381069 0.504335 
d_132 d132 0.221353 0.319819 0.458828 
d_133 d133 0.177721 0.234652 0.587627 
d_134 d134 0.198146 0.374930 0.426925 
d_135 d135 0.151404 0.516379 0.332217 
d_136 d136 0.099581 0.515246 0.385174 
d_137 d137 0.052528 0.348113 0.599360 
d_138 d138 0.091554 0.511187 0.397259 
d_139 d139 0.115354 0.399892 0.484754 
d_140 d140 0.133426 0.348448 0.518126 
d_141 d141 0.153260 0.365611 0.481129 
d_142 d142 0.460614 0.215144 0.324242 
d_143 d143 0.093748 0.422985 0.483268 
d_144 d144 0.084017 0.317577 0.598406 
d_145 d145 0.256817 0.326216 0.416967 
d_146 d146 0.203055 0.340831 0.456113 
d_147 d147 0.246500 0.375287 0.378214 
d_148 d148 0.082832 0.388131 0.529038 
d_149 d149 0.136526 0.390189 0.473285 
d_150 d150 0.138746 0.251961 0.609293 
d_151 d151 0.343847 0.261055 0.395098 
d_152 d152 0.297879 0.334556 0.367565 
d_153 d153 0.345321 0.299084 0.355596 
d_154 d154 0.124741 0.328062 0.547197 
d_155 d155 0.306457 0.306457 0.387085 
d_156 d156 0.347419 0.436157 0.216424 
d_157 d157 0.430070 0.311533 0.258396 
d_158 d158 0.125039 0.335843 0.539118 
d_159 d159 0.280696 0.323211 0.396093 
d_160 d160 0.268642 0.273888 0.457470 
d_161 d161 0.131069 0.522704 0.346227 
d_162 d162 0.207957 0.305691 0.486352 
d_163 d163 0.320025 0.300062 0.379913 
d_164 d164 0.334598 0.323219 0.342183 
d_165 d165 0.386169 0.295594 0.318238 
d_166 d166 0.134558 0.441966 0.423475 
d_167 d167 0.482188 0.261074 0.256738 
d_168 d168 0.399784 0.315059 0.285157 
d_169 d169 0.129880 0.331901 0.538219 
d_170 d170 0.261901 0.317677 0.420422 
d_171 d171 0.572340 0.168581 0.259079 
d_172 d172 0.158144 0.414358 0.427497 
d_173 d173 0.212253 0.241313 0.546434 
d_174 d174 0.094290 0.340262 0.565448 
d_175 d175 0.152130 0.382648 0.465222 
d_176 d176 0.193059 0.367193 0.439748 
d_177 d177 0.193494 0.457972 0.348533 
d_178 d178 0.519419 0.242091 0.238490 
d_179 d179 0.161795 0.431355 0.406850 
d_180 d180 0.178427 0.270687 0.550886 
d_181 d181 0.455004 0.285852 0.259144 
d_182 d182 0.201818 0.331568 0.466614 
d_183 d183 0.128668 0.402202 0.469130 
d_184 d184 0.197652 0.357725 0.444622 
d_185 d185 0.270005 0.345207 0.384788 
d_186 d186 0.249459 0.368358 0.382184 
d_187 d187 0.271357 0.397605 0.331038 
d_188 d188 0.154219 0.314143 0.531638 
d_189 d189 0.060846 0.471717 0.467437 
d_190 d190 0.092565 0.376618 0.530817 
d_191 d191 0.331086 0.290634 0.378280 
d_192 d192 0.175352 0.446835 0.377814 
d_193 d193 0.291601 0.376556 0.331843 
d_194 d194 0.564957 0.201172 0.233872 
d_195 d195 0.390933 0.355181 0.253885 
d_196 d196 0.372206 0.202580 0.425214 
d_197 d197 0.340633 0.192810 0.466557 
d_198 d198 0.357839 0.424354 0.217807 
d_199 d199 0.187869 0.421651 0.390480 
d_200 d200 0.097748 0.529654 0.372597 
d_201 d201 0.351246 0.360203 0.288551 
d_202 d202 0.228065 0.353852 0.418083 
d_203 d203 0.380139 0.333333 0.286528 
d_204 d204 0.122797 0.340285 0.536918 
d_205 d205 0.236715 0.205379 0.557906 
d_206 d206 0.236403 0.457958 0.305639 
d_207 d207 0.285120 0.345775 0.369105 
d_208 d208 0.259910 0.335192 0.404898 
d_209 d209 0.140738 0.320175 0.539087 
d_210 d210 0.136346 0.405946 0.457709 
d_211 d211 0.438245 0.229784 0.331971 
d_212 d212 0.077235 0.303204 0.619561 
d_213 d213 0.236678 0.290805 0.472518 
d_214 d214 0.169683 0.328374 0.501942 
d_215 d215 0.268537 0.187848 0.543615 
d_216 d216 0.255968 0.352203 0.391829 
d_217 d217 0.337924 0.223153 0.438923 
d_218 d218 0.306242 0.346879 0.346879 
d_219 d219 0.137280 0.495851 0.366869 
d_220 d220 0.125456 0.385022 0.489522 
d_221 d221 0.187010 0.521764 0.291226 
d_222 d222 0.155072 0.408868 0.436060 
d_223 d223 0.163239 0.504161 0.332600 
d_224 d224 0.242046 0.295184 0.462770 
d_225 d225 0.136810 0.381011 0.482179 
d_226 d226 0.244887 0.311222 0.443892 
d_227 d227 0.218704 0.306455 0.474841 
d_228 d228 0.306059 0.226965 0.466976 
d_229 d229 0.286555 0.373659 0.339785 
d_230 d230 0.153360 0.464069 0.382571 
d_231 d231 0.157472 0.375205 0.467323 
d_232 d232 0.140577 0.550961 0.308462 
d_233 d233 0.390189 0.320213 0.289598 
d_234 d234 0.116375 0.351306 0.532319 
d_235 d235 0.274376 0.237666 0.487958 
d_236 d236 0.237666 0.311085 0.451249 
d_237 d237 0.196592 0.533344 0.270065 
d_238 d238 0.228192 0.444587 0.327220 
d_239 d239 0.441734 0.268642 0.289623 
d_240 d240 0.196752 0.315123 0.488125 
d_241 d241 0.213278 0.314124 0.472597 
d_242 d242 0.333333 0.400754 0.265912 
d_243 d243 0.314372 0.409179 0.276449 
d_244 d244 0.121419 0.361503 0.517078 
d_245 d245 0.150671 0.358845 0.490484 
d_246 d246 0.469130 0.277075 0.253795 
d_247 d247 0.283513 0.377618 0.338869 
d_248 d248 0.143784 0.263499 0.592717 
d_249 d249 0.335459 0.271694 0.392848 
d_250 d250 0.383213 0.309620 0.307167 
d_251 d251 0.397259 0.297430 0.305311 
d_252 d252 0.069859 0.407375 0.522766 
d_253 d253 0.229032 0.335787 0.435180 
d_254 d254 0.249368 0.262285 0.488347 
d_255 d255 0.190752 0.276895 0.532353 
d_256 d256 0.063760 0.367496 0.568744 
d_257 d257 0.372487 0.294180 0.333333 
d_258 d258 0.383731 0.298685 0.317584 
d_259 d259 0.201500 0.308569 0.489930 
d_260 d260 0.091150 0.546599 0.362251 
d_261 d261 0.177118 0.407599 0.415282 
d_262 d262 0.335561 0.335561 0.328878 
d_263 d263 0.190597 0.353852 0.455551 
d_264 d264 0.362596 0.360401 0.277004 
d_265 d265 0.129676 0.392460 0.477864 
d_266 d266 0.288376 0.306359 0.405265 
d_267 d267 0.223533 0.450553 0.325914 
d_268 d268 0.157666 0.423776 0.418558 
d_269 d269 0.127346 0.316967 0.555687 
d_270 d270 0.195483 0.309869 0.494647 
d_271 d271 0.194034 0.355674 0.450292 
d_272 d272 0.242199 0.354490 0.403312 
d_273 d273 0.291235 0.448509 0.260257 
d_274 d274 0.086079 0.507974 0.405947 
d_275 d275 0.551984 0.248835 0.199181 
d_276 d276 0.125708 0.337867 0.536425 
d_277 d277 0.177280 0.353469 0.469251 
d_278 d278 0.162619 0.430255 0.407126 
d_279 d279 0.257227 0.309300 0.433474 
d_280 d280 0.283928 0.283928 0.432143 
d_281 d281 0.110393 0.332169 0.557438 
d_282 d282 0.153494 0.427985 0.418520 
d_283 d283 0.367099 0.313471 0.319430 
d_284 d284 0.202773 0.319873 0.477354 
d_285 d285 0.151686 0.471135 0.377179 
d_286 d286 0.073280 0.434465 0.492255 
d_287 d287 0.285301 0.388755 0.325944 
d_288 d288 0.234709 0.348906 0.416386 
d_289 d289 0.172985 0.311591 0.515423 
d_290 d290 0.371311 0.338081 0.290608 
d_291 d291 0.149159 0.425420 0.425420 
d_292 d292 0.197238 0.312163 0.490599 
d_293 d293 0.295971 0.374432 0.329597 
d_294 d294 0.243536 0.317851 0.438613 
d_295 d295 0.110943 0.392541 0.496516 
d_296 d296 0.122107 0.352891 0.525002 
d_297 d297 0.071525 0.386403 0.542072 
d_298 d298 0.399077 0.300461 0.300461 
d_299 d299 0.117717 0.345654 0.536629 
d_300 d300 0.155515 0.372089 0.472396 
d_301 d301 0.597986 0.292347 0.109667 
d_302 d302 0.086079 0.499701 0.414219 
d_303 d303 0.443639 0.361594 0.194767 
d_304 d304 0.186417 0.314002 0.499581 
d_305 d305 0.399668 0.338436 0.261896 
d_306 d306 0.107887 0.471191 0.420922 
d_307 d307 0.071671 0.420009 0.508320 
d_308 d308 0.295693 0.257197 0.447111 
d_309 d309 0.382780 0.353112 0.264108 
d_310 d310 0.078980 0.287087 0.633933 
d_311 d311 0.390548 0.322606 0.286847 
d_312 d312 0.210614 0.375316 0.414070 
d_313 d313 0.169046 0.274659 0.556294 
d_314 d314 0.285139 0.429723 0.285139 
d_315 d315 0.110785 0.419592 0.469622 
d_316 d316 0.276058 0.349698 0.374244 
d_317 d317 0.188946 0.451684 0.359370 
d_318 d318 0.205630 0.316246 0.478124 
d_319 d319 0.052528 0.477431 0.470041 
d_320 d320 0.139147 0.430427 0.430427 
d_321 d321 0.275701 0.392589 0.331710 
d_322 d322 0.068574 0.396073 0.535354 
d_323 d323 0.134951 0.290605 0.574444 
d_324 d324 0.189243 0.540195 0.270561 
d_325 d325 0.353311 0.356836 0.289853 
d_326 d326 0.158642 0.355170 0.486188 
d_327 d327 0.335308 0.364924 0.299768 
d_328 d328 0.193824 0.513598 0.292578 
d_329 d329 0.134767 0.388491 0.476742 
d_330 d330 0.396587 0.275533 0.327880 
d_331 d331 0.104683 0.440730 0.454587 
d_332 d332 0.080420 0.397801 0.521779 
d_333 d333 0.178015 0.535748 0.286237 
d_334 d334 0.190736 0.425602 0.383662 
d_335 d335 0.085685 0.428801 0.485514 
d_336 d336 0.404898 0.287792 0.307310 
d_337 d337 0.210665 0.374223 0.415112 
d_338 d338 0.134756 0.523861 0.341384 
d_339 d339 0.207855 0.343372 0.448773 
d_340 d340 0.524287 0.202053 0.273660 
d_341 d341 0.118218 0.362015 0.519767 
d_342 d342 0.330551 0.313860 0.355588 
d_343 d343 0.315889 0.472889 0.211223 
d_344 d344 0.199465 0.374281 0.426254 
d_345 d345 0.099527 0.370530 0.529943 
d_346 d346 0.210458 0.436477 0.353065 
d_347 d347 0.152535 0.303582 0.543884 
d_348 d348 0.132227 0.444856 0.422917 
d_349 d349 0.121627 0.472614 0.405759 
d_350 d350 0.102956 0.311903 0.585142 
d_351 d351 0.321868 0.272183 0.405949 
d_352 d352 0.314983 0.364529 0.320488 
d_353 d353 0.194767 0.339715 0.465518 
d_354 d354 0.278706 0.297615 0.423679 
d_355 d355 0.263499 0.256017 0.480484 
d_356 d356 0.288765 0.407446 0.303788 
d_357 d357 0.258379 0.290502 0.451119 
d_358 d358 0.150470 0.403336 0.446195 
d_359 d359 0.296267 0.325179 0.378554 
d_360 d360 0.117748 0.351299 0.530953 
d_361 d361 0.413133 0.316355 0.270512 
d_362 d362 0.389877 0.270137 0.339986 
d_363 d363 0.512101 0.279366 0.208534 
d_364 d364 0.084979 0.373070 0.541951 
d_365 d365 0.039684 0.328439 0.631877 
d_366 d366 0.161230 0.283330 0.555439 
d_367 d367 0.079219 0.340453 0.580328 
d_368 d368 0.172797 0.325233 0.501970 
d_369 d369 0.127674 0.309000 0.563327 
d_370 d370 0.201512 0.359698 0.438791 
d_371 d371 0.103808 0.354199 0.541993 
d_372 d372 0.259457 0.279978 0.460565 
d_373 d373 0.048817 0.424785 0.526398 
d_374 d374 0.172814 0.348621 0.478566 
d_375 d375 0.211548 0.336199 0.452253 
d_376 d376 0.170681 0.413086 0.416234 
d_377 d377 0.210286 0.437451 0.352264 
d_378 d378 0.117850 0.442323 0.439827 
d_379 d379 0.175306 0.287841 0.536853 
d_380 d380 0.161804 0.340991 0.497205 
d_381 d381 0.287477 0.460169 0.252354 
d_382 d382 0.270827 0.352866 0.376306 
d_383 d383 0.362251 0.300801 0.336948 
d_384 d384 0.250211 0.367102 0.382687 
d_385 d385 0.295463 0.261800 0.442738 
d_386 d386 0.237199 0.349356 0.413445 
d_387 d387 0.281847 0.295889 0.422264 
d_388 d388 0.126483 0.445298 0.428219 
d_389 d389 0.183884 0.258609 0.557507 
d_390 d390 0.198735 0.428898 0.372367 
d_391 d391 0.202323 0.370016 0.427661 
d_392 d392 0.203979 0.436817 0.359204 
d_393 d393 0.459644 0.313633 0.226722 
d_394 d394 0.179237 0.362723 0.458040 
d_395 d395 0.448674 0.277699 0.273628 
d_396 d396 0.341833 0.324834 0.333333 
d_397 d397 0.157742 0.262399 0.579859 
d_398 d398 0.209234 0.324208 0.466557 
d_399 d399 0.190816 0.333333 0.475851 
d_400 d400 0.128907 0.486286 0.384808 
d_401 d401 0.206536 0.369561 0.423903 
d_402 d402 0.270831 0.428731 0.300438 
d_403 d403 0.269430 0.316735 0.413835 
d_404 d404 0.199452 0.267199 0.533349 
d_405 d405 0.040599 0.422081 0.537320 
d_406 d406 0.212471 0.385743 0.401786 
d_407 d407 0.442147 0.296026 0.261827 
d_408 d408 0.293753 0.198760 0.507487 
d_409 d409 0.376361 0.380273 0.243367 
d_410 d410 0.504005 0.167153 0.328842 
d_411 d411 0.327372 0.309487 0.363142 
d_412 d412 0.316072 0.366185 0.317743 
d_413 d413 0.100161 0.351987 0.547852 
d_414 d414 0.444547 0.305311 0.250142 
d_415 d415 0.102723 0.320280 0.576997 
d_416 d416 0.114082 0.305730 0.580188 
d_417 d417 0.146417 0.456888 0.396695 
d_418 d418 0.242024 0.349639 0.408337 
d_419 d419 0.290487 0.326040 0.383472 
d_420 d420 0.140235 0.279695 0.580070 
d_421 d421 0.245177 0.410114 0.344708 
d_422 d422 0.062450 0.541255 0.396295 
d_423 d423 0.445681 0.281320 0.272998 
d_424 d424 0.228384 0.244670 0.526946 
d_425 d425 0.120143 0.374018 0.505838 
d_426 d426 0.106583 0.382534 0.510883 
d_427 d427 0.361039 0.359471 0.279490 
d_428 d428 0.173230 0.331259 0.495510 
d_429 d429 0.273273 0.264893 0.461834 
d_430 d430 0.304760 0.320345 0.374894 
d_431 d431 0.213081 0.327467 0.459452 
d_432 d432 0.143288 0.497885 0.358827 
d_433 d433 0.202486 0.407169 0.390345 
d_434 d434 0.186602 0.490545 0.322853 
d_435 d435 0.236981 0.319569 0.443450 
d_436 d436 0.229610 0.317677 0.452713 
d_437 d437 0.081966 0.410140 0.507894 
d_438 d438 0.078263 0.398506 0.523232 
d_439 d439 0.227984 0.232436 0.539580 
d_440 d440 0.175853 0.316756 0.507391 
d_441 d441 0.148734 0.547731 0.303536 
d_442 d442 0.233045 0.510438 0.256517 
d_443 d443 0.076680 0.505278 0.418042 
d_444 d444 0.097226 0.375495 0.527279 
d_445 d445 0.336330 0.360308 0.303362 
d_446 d446 0.384205 0.235312 0.380483 
d_447 d447 0.091860 0.315223 0.592917 
d_448 d448 0.436209 0.324901 0.238890 
d_449 d449 0.289481 0.408204 0.302316 
d_450 d450 0.117325 0.419145 0.463530 
d_451 d451 0.295596 0.292616 0.411788 
d_452 d452 0.338107 0.316625 0.345268 
d_453 d453 0.277413 0.316557 0.406030 
d_454 d454 0.286858 0.436242 0.276899 
d_455 d455 0.171987 0.480771 0.347243 
d_456 d456 0.114189 0.397853 0.487958 
d_457 d457 0.237321 0.371358 0.391321 
d_458 d458 0.290992 0.281919 0.427088 
d_459 d459 0.170588 0.289885 0.539526 
d_460 d460 0.142708 0.448231 0.409061 
d_461 d461 0.289123 0.316564 0.394314 
d_462 d462 0.164507 0.322409 0.513084 
d_463 d463 0.230361 0.291208 0.478430 
d_464 d464 0.314313 0.371374 0.314313 
d_465 d465 0.376493 0.385968 0.237539 
d_466 d466 0.073686 0.617234 0.309081 
d_467 d467 0.438159 0.326104 0.235737 
d_468 d468 0.373095 0.235737 0.391168 
d_469 d469 0.143503 0.339796 0.516701 
d_470 d470 0.193528 0.379559 0.426912 
d_471 d471 0.152754 0.403031 0.444216 
d_472 d472 0.201302 0.605424 0.193274 
d_473 d473 0.172949 0.301600 0.525451 
d_474 d474 0.326943 0.259845 0.413212 
d_475 d475 0.177216 0.270003 0.552782 
d_476 d476 0.349404 0.334570 0.316027 
d_477 d477 0.186255 0.266479 0.547266 
d_478 d478 0.084976 0.502505 0.412520 
d_479 d479 0.329304 0.329304 0.341392 
d_480 d480 0.184677 0.477831 0.337492 
d_481 d481 0.105512 0.447244 0.447244 
d_482 d482 0.365933 0.354427 0.279639 
d_483 d483 0.421755 0.266255 0.311990 
d_484 d484 0.137548 0.394296 0.468156 
d_485 d485 0.154463 0.472939 0.372597 
d_486 d486 0.045985 0.363581 0.590434 
d_487 d487 0.427248 0.316835 0.255917 
d_488 d488 0.179853 0.351605 0.468543 
d_489 d489 0.123263 0.432224 0.444513 
d_490 d490 0.144107 0.385218 0.470675 
d_491 d491 0.229053 0.413629 0.357318 
d_492 d492 0.210653 0.443590 0.345757 
d_493 d493 0.391168 0.355021 0.253810 
d_494 d494 0.078221 0.424389 0.497390 
d_495 d495 0.224893 0.355021 0.420086 
d_496 d496 0.249083 0.281847 0.469069 
d_497 d497 0.460135 0.255577 0.284287 
d_498 d498 0.108963 0.302303 0.588734 
d_499 d499 0.096524 0.466139 0.437337 
d_500 d500 0.148906 0.343724 0.507371 
d_501 d501 0.172964 0.345437 0.481599 
d_502 d502 0.393657 0.300344 0.305999 
d_503 d503 0.181843 0.415665 0.402492 
d_504 d504 0.466062 0.225573 0.308365 
d_505 d505 0.129691 0.344806 0.525503 
d_506 d506 0.333333 0.287144 0.379523 
d_507 d507 0.160281 0.307542 0.532177 
d_508 d508 0.466143 0.242781 0.291076 
d_509 d509 0.386760 0.346690 0.266550 
d_510 d510 0.159732 0.346542 0.493726 
d_511 d511 0.356356 0.320936 0.322707 
d_512 d512 0.172532 0.367476 0.459992 
d_513 d513 0.112000 0.358827 0.529173 
d_514 d514 0.241289 0.351327 0.407384 
d_515 d515 0.179998 0.310447 0.509555 
d_516 d516 0.302316 0.369699 0.327985 
d_517 d517 0.159231 0.361314 0.479455 
d_518 d518 0.356456 0.369463 0.274080 
d_519 d519 0.202211 0.611004 0.186785 
d_520 d520 0.315151 0.421039 0.263811 
d_521 d521 0.153349 0.388490 0.458161 
d_522 d522 0.251656 0.300662 0.447681 
d_523 d523 0.471412 0.214022 0.314565 
d_524 d524 0.259665 0.463267 0.277067 
d_525 d525 0.219343 0.314531 0.466126 
d_526 d526 0.234161 0.296432 0.469407 
d_527 d527 0.209536 0.447459 0.343005 
d_528 d528 0.277438 0.485913 0.236649 
d_529 d529 0.222890 0.363592 0.413518 
d_530 d530 0.252702 0.420684 0.326614 
d_531 d531 0.272024 0.455953 0.272024 
d_532 d532 0.349923 0.293044 0.357033 
d_533 d533 0.225588 0.354882 0.419530 
d_534 d534 0.288337 0.331882 0.379781 
d_535 d535 0.206186 0.382236 0.411578 
d_536 d536 0.409876 0.247639 0.342485 
d_537 d537 0.198158 0.244811 0.557031 
d_538 d538 0.310631 0.324252 0.365117 
d_539 d539 0.055738 0.365734 0.578528 
d_540 d540 0.081156 0.577711 0.341133 
d_541 d541 0.201222 0.243838 0.554940 
d_542 d542 0.271616 0.429339 0.299046 
d_543 d543 0.366231 0.331688 0.302081 
d_544 d544 0.325094 0.433235 0.241671 
d_545 d545 0.415638 0.341098 0.243264 
d_546 d546 0.187359 0.392344 0.420297 
d_547 d547 0.355382 0.237263 0.407355 
d_548 d548 0.145999 0.319353 0.534647 
d_549 d549 0.192367 0.487599 0.320035 
d_550 d550 0.095277 0.395293 0.509430 
d_551 d551 0.384916 0.317526 0.297558 
d_552 d552 0.161490 0.312377 0.526133 
d_553 d553 0.144992 0.381442 0.473566 
d_554 d554 0.254020 0.354886 0.391094 
d_555 d555 0.480352 0.262547 0.257101 
d_556 d556 0.305903 0.329905 0.364192 
d_557 d557 0.072405 0.340610 0.586985 
d_558 d558 0.185526 0.461945 0.352529 
d_559 d559 0.275402 0.449196 0.275402 
d_560 d560 0.246765 0.365796 0.387439 
d_561 d561 0.162619 0.337739 0.499642 
d_562 d562 0.126125 0.382947 0.490929 
d_563 d563 0.171837 0.460830 0.367332 
d_564 d564 0.281811 0.405972 0.312218 
d_565 d565 0.407478 0.298974 0.293549 
d_566 d566 0.160910 0.291062 0.548028 
d_567 d567 0.129638 0.326168 0.544194 
d_568 d568 0.380633 0.322353 0.297014 
d_569 d569 0.162048 0.449269 0.388683 
d_570 d570 0.361219 0.211212 0.427569 
d_571 d571 0.226348 0.479305 0.294347 
d_572 d572 0.144163 0.271694 0.584144 
d_573 d573 0.331333 0.367337 0.301330 
d_574 d574 0.280163 0.319495 0.400342 
d_575 d575 0.293680 0.343005 0.363315 
d_576 d576 0.218021 0.346599 0.435379 
d_577 d577 0.045934 0.424703 0.529363 
d_578 d578 0.225584 0.441083 0.333333 
d_579 d579 0.197044 0.282004 0.520952 
d_580 d580 0.219419 0.509504 0.271078 
d_581 d581 0.119327 0.326234 0.554440 
d_582 d582 0.141476 0.322759 0.535766 
d_583 d583 0.413340 0.324637 0.262023 
d_584 d584 0.389908 0.302309 0.307784 
d_585 d585 0.466153 0.348959 0.184888 
d_586 d586 0.135469 0.264045 0.600486 
d_587 d587 0.187848 0.437252 0.374901 
d_588 d588 0.213714 0.368106 0.418179 
d_589 d589 0.422828 0.277932 0.299240 
d_590 d590 0.333333 0.379225 0.287442 
d_591 d591 0.318018 0.405314 0.276667 
d_592 d592 0.184465 0.406063 0.409472 
d_593 d593 0.119713 0.442979 0.437308 
d_594 d594 0.312360 0.398160 0.289480 
d_595 d595 0.141260 0.327923 0.530817 
d_596 d596 0.292694 0.356304 0.351003 
d_597 d597 0.126729 0.359730 0.513541 
d_598 d598 0.279366 0.355258 0.365377 
d_599 d599 0.089761 0.457053 0.453186 
d_600 d600 0.361174 0.322626 0.316201 
d_601 d601 0.090810 0.405545 0.503645 
d_602 d602 0.195559 0.511630 0.292811 
d_603 d603 0.101802 0.438358 0.459840 
d_604 d604 0.098385 0.515728 0.385888 
d_605 d605 0.233174 0.460809 0.306017 
d_606 d606 0.338118 0.381183 0.280699 
d_607 d607 0.142788 0.437709 0.419504 
d_608 d608 0.078513 0.369874 0.551613 
d_609 d609 0.173218 0.417546 0.409236 
d_610 d610 0.370149 0.293512 0.336339 
d_611 d611 0.255588 0.382808 0.361604 
d_612 d612 0.371255 0.257490 0.371255 
d_613 d613 0.368341 0.221308 0.410351 
d_614 d614 0.252862 0.382348 0.364790 
d_615 d615 0.173370 0.221704 0.604925 
d_616 d616 0.222002 0.261628 0.516369 
d_617 d617 0.248743 0.412284 0.338973 
d_618 d618 0.201148 0.409440 0.389412 
d_619 d619 0.193939 0.364541 0.441520 
d_620 d620 0.181583 0.325793 0.492625 
d_621 d621 0.121980 0.331463 0.546557 
d_622 d622 0.166066 0.515726 0.318208 
d_623 d623 0.114724 0.361706 0.523570 
d_624 d624 0.270830 0.318502 0.410668 
d_625 d625 0.120498 0.371439 0.508063 
d_626 d626 0.243791 0.365380 0.390829 
d_627 d627 0.421634 0.277666 0.300701 
d_628 d628 0.196251 0.416739 0.387010 
d_629 d629 0.395997 0.184986 0.419017 
d_630 d630 0.100409 0.321642 0.577949 
d_631 d631 0.283401 0.416078 0.300521 
d_632 d632 0.116767 0.360921 0.522312 
d_633 d633 0.348113 0.318554 0.333333 
d_634 d634 0.112383 0.578242 0.309375 
d_635 d635 0.095149 0.366530 0.538321 
d_636 d636 0.316892 0.351709 0.331399 
d_637 d637 0.243186 0.313956 0.442858 
d_638 d638 0.438312 0.299077 0.262611 
d_639 d639 0.337742 0.403872 0.258386 
d_640 d640 0.133053 0.369384 0.497563 
d_641 d641 0.131148 0.353756 0.515096 
d_642 d642 0.479781 0.289795 0.230424 
d_643 d643 0.327392 0.354126 0.318481 
d_644 d644 0.211321 0.331333 0.457346 
d_645 d645 0.425187 0.338168 0.236645 
d_646 d646 0.358456 0.391954 0.249590 
d_647 d647 0.111923 0.302611 0.585465 
d_648 d648 0.264558 0.443824 0.291617 
d_649 d649 0.201577 0.357093 0.441331 
d_650 d650 0.244070 0.382924 0.373006 
d_651 d651 0.374506 0.299745 0.325749 
d_652 d652 0.240265 0.435182 0.324553 
d_653 d653 0.263138 0.332372 0.404491 
d_654 d654 0.226139 0.353973 0.419887 
d_655 d655 0.139050 0.415530 0.445420 
d_656 d656 0.307720 0.374537 0.317743 
d_657 d657 0.157087 0.349356 0.493558 
d_658 d658 0.306795 0.352888 0.340317 
d_659 d659 0.331495 0.378372 0.290133 
d_660 d660 0.241810 0.405882 0.352308 
d_661 d661 0.106724 0.363186 0.530090 
d_662 d662 0.227145 0.331403 0.441452 
d_663 d663 0.229940 0.279465 0.490595 
d_664 d664 0.364392 0.303828 0.331780 
d_665 d665 0.220587 0.370916 0.408498 
d_666 d666 0.230223 0.373247 0.396530 
d_667 d667 0.164385 0.583843 0.251772 
d_668 d668 0.176823 0.352897 0.470280 
d_669 d669 0.310782 0.348108 0.341110 
d_670 d670 0.156357 0.281576 0.562067 
d_671 d671 0.319679 0.381123 0.299198 
d_672 d672 0.357074 0.308109 0.334817 
d_673 d673 0.191139 0.311005 0.497855 
d_674 d674 0.285946 0.353286 0.360768 
d_675 d675 0.157099 0.394859 0.448042 
d_676 d676 0.138052 0.352792 0.509156 
d_677 d677 0.211357 0.313139 0.475504 
d_678 d678 0.399692 0.307264 0.293044 
d_679 d679 0.155698 0.411493 0.432809 
d_680 d680 0.162307 0.354396 0.483298 
d_681 d681 0.058650 0.409634 0.531716 
d_682 d682 0.252048 0.436788 0.311164 
d_683 d683 0.270163 0.355576 0.374260 
d_684 d684 0.226674 0.264837 0.508489 
d_685 d685 0.370159 0.370159 0.259681 
d_686 d686 0.160227 0.441785 0.397987 
d_687 d687 0.177313 0.407507 0.415180 
d_688 d688 0.231002 0.290308 0.478691 
d_689 d689 0.207435 0.264446 0.528119 
d_690 d690 0.345413 0.283962 0.370624 
d_691 d691 0.104176 0.340045 0.555779 
d_692 d692 0.320926 0.354426 0.324648 
d_693 d693 0.274148 0.442598 0.283254 
d_694 d694 0.136301 0.458037 0.405662 
d_695 d695 0.112948 0.296949 0.590103 
d_696 d696 0.332554 0.290463 0.376983 
d_697 d697 0.386994 0.378214 0.234792 
d_698 d698 0.336627 0.290521 0.372853 
d_699 d699 0.242204 0.405527 0.352269 
d_700 d700 0.216293 0.487456 0.296251 
d_701 d701 0.219515 0.394620 0.385865 
d_702 d702 0.268047 0.245790 0.486164 
d_703 d703 0.248249 0.397474 0.354277 
d_704 d704 0.271098 0.283974 0.444927 
d_705 d705 0.211405 0.288996 0.499600 
d_706 d706 0.203872 0.335709 0.460419 
d_707 d707 0.282994 0.333333 0.383673 
d_708 d708 0.448252 0.255353 0.296395 
d_709 d709 0.194032 0.464570 0.341398 
d_710 d710 0.140018 0.389492 0.470490 
d_711 d711 0.090189 0.373723 0.536088 
d_712 d712 0.172814 0.356265 0.470922 
d_713 d713 0.359519 0.277222 0.363259 
d_714 d714 0.161642 0.403312 0.435046 
d_715 d715 0.128321 0.510844 0.360835 
d_716 d716 0.188762 0.296073 0.515165 
d_717 d717 0.249176 0.392243 0.358581 
d_718 d718 0.277606 0.293637 0.428757 
d_719 d719 0.173358 0.321202 0.505440 
d_720 d720 0.264297 0.219517 0.516186 
d_721 d721 0.138693 0.365933 0.495374 
d_722 d722 0.412036 0.269557 0.318407 
d_723 d723 0.364308 0.351033 0.284659 
d_724 d724 0.082559 0.454188 0.463253 
d_725 d725 0.247013 0.332281 0.420706 
d_726 d726 0.224532 0.300544 0.474924 
d_727 d727 0.242551 0.479757 0.277692 
d_728 d728 0.177518 0.311074 0.511408 
d_729 d729 0.185748 0.493034 0.321218 
d_730 d730 0.328134 0.380129 0.291737 
d_731 d731 0.203659 0.459455 0.336886 
d_732 d732 0.089164 0.333704 0.577132 
d_733 d733 0.268967 0.329757 0.401275 
d_734 d734 0.214754 0.501233 0.284013 
d_735 d735 0.344913 0.461761 0.193326 
d_736 d736 0.061335 0.313035 0.625630 
d_737 d737 0.556492 0.224233 0.219274 
d_738 d738 0.066569 0.373531 0.559900 
d_739 d739 0.198560 0.400720 0.400720 
d_740 d740 0.450508 0.291096 0.258396 
d_741 d741 0.307263 0.401116 0.291621 
d_742 d742 0.150279 0.558113 0.291608 
d_743 d743 0.143376 0.495356 0.361268 
d_744 d744 0.259291 0.346455 0.394255 
d_745 d745 0.214981 0.398467 0.386552 
d_746 d746 0.136569 0.482684 0.380746 
d_747 d747 0.296746 0.419813 0.283441 
d_748 d748 0.279665 0.303227 0.417108 
d_749 d749 0.123221 0.378243 0.498536 
d_750 d750 0.334837 0.325814 0.339349 
d_751 d751 0.053056 0.520912 0.426032 
d_752 d752 0.334627 0.191021 0.474352 
d_753 d753 0.122491 0.372020 0.505489 
d_754 d754 0.196247 0.277150 0.526603 
d_755 d755 0.112935 0.376064 0.511001 
d_756 d756 0.109792 0.369699 0.520509 
d_757 d757 0.279431 0.258788 0.461781 
d_758 d758 0.224237 0.306059 0.469703 
d_759 d759 0.148173 0.346751 0.505076 
d_760 d760 0.117700 0.553654 0.328646 
d_761 d761 0.101489 0.523564 0.374946 
d_762 d762 0.134198 0.521988 0.343814 
d_763 d763 0.106378 0.346684 0.546939 
d_764 d764 0.236744 0.423886 0.339370 
d_765 d765 0.163013 0.394326 0.442661 
d_766 d766 0.118204 0.304610 0.577186 
d_767 d767 0.123546 0.521038 0.355416 
d_768 d768 0.106668 0.340587 0.552745 
d_769 d769 0.287471 0.287471 0.425059 
d_770 d770 0.267053 0.291089 0.441859 
d_771 d771 0.082313 0.354504 0.563184 
d_772 d772 0.263144 0.285203 0.451653 
d_773 d773 0.232215 0.346869 0.420916 
d_774 d774 0.194367 0.328370 0.477263 
d_775 d775 0.265568 0.351815 0.382617 
d_776 d776 0.261976 0.315494 0.422530 
d_777 d777 0.297355 0.307167 0.395478 
d_778 d778 0.313775 0.317687 0.368538 
d_779 d779 0.181968 0.399144 0.418888 
d_780 d780 0.225351 0.275189 0.499460 
d_781 d781 0.136343 0.282200 0.581458 
d_782 d782 0.337070 0.262345 0.400585 
d_783 d783 0.057371 0.455753 0.486876 
d_784 d784 0.341056 0.352639 0.306305 
d_785 d785 0.380040 0.248163 0.371798 
d_786 d786 0.164118 0.352858 0.483024 
d_787 d787 0.147501 0.474566 0.377933 
d_788 d788 0.210228 0.390326 0.399445 
d_789 d789 0.264654 0.420086 0.315260 
d_790 d790 0.301547 0.250199 0.448255 
d_791 d791 0.106108 0.345957 0.547935 
d_792 d792 0.132585 0.466557 0.400858 
d_793 d793 0.197947 0.407577 0.394475 
d_794 d794 0.234295 0.298378 0.467327 
d_795 d795 0.162393 0.356215 0.481392 
d_796 d796 0.328425 0.357875 0.313700 
d_797 d797 0.225914 0.331432 0.442654 
d_798 d798 0.447207 0.295000 0.257794 
d_799 d799 0.074923 0.394136 0.530941 
d_800 d800 0.210249 0.334517 0.455234 
d_801 d801 0.261125 0.320697 0.418179 
d_802 d802 0.151348 0.321646 0.527006 
d_803 d803 0.325736 0.363030 0.311233 
d_804 d804 0.352322 0.371311 0.276367 
d_805 d805 0.233846 0.324006 0.442147 
d_806 d806 0.096736 0.444081 0.459183 
d_807 d807 0.072604 0.322731 0.604665 
d_808 d808 0.236147 0.358414 0.405439 
d_809 d809 0.144979 0.272317 0.582703 
d_810 d810 0.271916 0.247581 0.480503 
d_811 d811 0.092838 0.423216 0.483947 
d_812 d812 0.139290 0.367257 0.493453 
d_813 d813 0.205801 0.331778 0.462421 
d_814 d814 0.258899 0.390591 0.350511 
d_815 d815 0.294469 0.358856 0.346675 
d_816 d816 0.254939 0.258117 0.486943 
d_817 d817 0.125076 0.372079 0.502845 
d_818 d818 0.379477 0.343167 0.277355 
d_819 d819 0.107619 0.347373 0.545008 
d_820 d820 0.243137 0.376284 0.380579 
d_821 d821 0.388566 0.307480 0.303954 
d_822 d822 0.120691 0.298537 0.580772 
d_823 d823 0.203455 0.452822 0.343724 
d_824 d824 0.331919 0.276752 0.391329 
d_825 d825 0.355074 0.252582 0.392344 
d_826 d826 0.295949 0.321830 0.382221 
d_827 d827 0.293886 0.245156 0.460958 
d_828 d828 0.106935 0.311353 0.581712 
d_829 d829 0.068355 0.330389 0.601256 
d_830 d830 0.185355 0.338436 0.476209 
d_831 d831 0.208109 0.476072 0.315819 
d_832 d832 0.165529 0.497741 0.336730 
d_833 d833 0.236242 0.260073 0.503685 
d_834 d834 0.400309 0.380610 0.219081 
d_835 d835 0.090841 0.496875 0.412284 
d_836 d836 0.170027 0.291423 0.538550 
d_837 d837 0.404179 0.348735 0.247087 
d_838 d838 0.098192 0.533157 0.368651 
d_839 d839 0.132832 0.352894 0.514273 
d_840 d840 0.166346 0.370034 0.463621 
d_841 d841 0.343557 0.312886 0.343557 
d_842 d842 0.290649 0.311555 0.397796 
d_843 d843 0.202974 0.294633 0.502393 
d_844 d844 0.146513 0.290161 0.563327 
d_845 d845 0.126893 0.616416 0.256691 
d_846 d846 0.259864 0.506202 0.233934 
d_847 d847 0.239067 0.421042 0.339891 
d_848 d848 0.151504 0.359651 0.488845 
d_849 d849 0.228066 0.402221 0.369712 
d_850 d850 0.140738 0.356062 0.503200 
d_851 d851 0.262574 0.471313 0.266112 
d_852 d852 0.507402 0.269337 0.223260 
d_853 d853 0.323965 0.267756 0.408279 
d_854 d854 0.117811 0.451992 0.430197 
d_855 d855 0.338691 0.306545 0.354764 
d_856 d856 0.237171 0.357811 0.405018 
d_857 d857 0.218473 0.376406 0.405121 
d_858 d858 0.050651 0.442699 0.506650 
d_859 d859 0.116700 0.468358 0.414942 
d_860 d860 0.217844 0.293991 0.488165 
d_861 d861 0.333333 0.352858 0.313808 
d_862 d862 0.226674 0.526102 0.247223 
d_863 d863 0.142775 0.319006 0.538219 
d_864 d864 0.307513 0.387954 0.304533 
d_865 d865 0.268616 0.270927 0.460457 
d_866 d866 0.232306 0.344685 0.423009 
d_867 d867 0.244605 0.524655 0.230741 
d_868 d868 0.482092 0.241790 0.276119 
d_869 d869 0.068644 0.427056 0.504300 
d_870 d870 0.239322 0.346300 0.414377 
d_871 d871 0.087904 0.387763 0.524333 
d_872 d872 0.152758 0.312696 0.534546 
d_873 d873 0.116198 0.421428 0.462374 
d_874 d874 0.121627 0.445454 0.432919 
d_875 d875 0.234050 0.443648 0.322302 
d_876 d876 0.302317 0.451760 0.245923 
d_877 d877 0.344457 0.321097 0.334446 
d_878 d878 0.213652 0.414473 0.371875 
d_879 d879 0.122888 0.371947 0.505165 
d_880 d880 0.293946 0.448069 0.257984 
d_881 d881 0.364106 0.271788 0.364106 
d_882 d882 0.249440 0.409600 0.340960 
d_883 d883 0.149910 0.281623 0.568467 
d_884 d884 0.145734 0.418856 0.435409 
d_885 d885 0.221095 0.337650 0.441255 
d_886 d886 0.139811 0.515267 0.344921 
d_887 d887 0.357033 0.207726 0.435241 
d_888 d888 0.330713 0.409319 0.259968 
d_889 d889 0.153540 0.362852 0.483608 
d_890 d890 0.398236 0.318707 0.283057 
d_891 d891 0.187423 0.438287 0.374291 
d_892 d892 0.228938 0.351871 0.419191 
d_893 d893 0.198255 0.280631 0.521114 
d_894 d894 0.204685 0.310274 0.485042 
d_895 d895 0.200539 0.343708 0.455753 
d_896 d896 0.242535 0.330776 0.426690 
d_897 d897 0.126865 0.334946 0.538189 
d_898 d898 0.060846 0.270561 0.668593 
d_899 d899 0.339881 0.300597 0.359522 
d_900 d900 0.134005 0.366365 0.499630 
d_901 d901 0.416833 0.342822 0.240345 
d_902 d902 0.171399 0.404453 0.424148 
d_903 d903 0.188155 0.443945 0.367900 
d_904 d904 0.072940 0.463530 0.463530 
d_905 d905 0.211545 0.371949 0.416506 
d_906 d906 0.068403 0.393915 0.537683 
d_907 d907 0.304268 0.381775 0.313957 
d_908 d908 0.292802 0.435442 0.271756 
d_909 d909 0.382808 0.282092 0.335100 
d_910 d910 0.340262 0.312547 0.347191 
d_911 d911 0.195603 0.336755 0.467642 
d_912 d912 0.360047 0.281962 0.357992 
d_913 d913 0.428312 0.319366 0.252322 
d_914 d914 0.221631 0.292595 0.485774 
d_915 d915 0.249263 0.290671 0.460067 
d_916 d916 0.157687 0.414036 0.428278 
d_917 d917 0.229368 0.413535 0.357097 
d_918 d918 0.415458 0.303186 0.281356 
d_919 d919 0.107431 0.446285 0.446285 
d_920 d920 0.478675 0.245090 0.276235 
d_921 d921 0.194459 0.425236 0.380306 
d_922 d922 0.109208 0.400994 0.489798 
d_923 d923 0.071699 0.356124 0.572177 
d_924 d924 0.365014 0.346006 0.288980 
d_925 d925 0.177216 0.330242 0.492542 
d_926 d926 0.081896 0.630096 0.288008 
d_927 d927 0.247615 0.386277 0.366108 
d_928 d928 0.071041 0.394927 0.534032 
d_929 d929 0.233765 0.353247 0.412988 
d_930 d930 0.104993 0.313101 0.581906 
d_931 d931 0.212634 0.367819 0.419547 
d_932 d932 0.311990 0.398887 0.289123 
d_933 d933 0.198330 0.334833 0.466837 
d_934 d934 0.153451 0.343671 0.502877 
d_935 d935 0.314882 0.399018 0.286099 
d_936 d936 0.062456 0.324347 0.613197 
d_937 d937 0.162961 0.383198 0.453840 
d_938 d938 0.100560 0.355502 0.543937 
d_939 d939 0.283983 0.301401 0.414616 
d_940 d940 0.198763 0.362430 0.438807 
d_941 d941 0.296898 0.368810 0.334292 
d_942 d942 0.172417 0.326423 0.501160 
d_943 d943 0.096877 0.368106 0.535016 
d_944 d944 0.097434 0.287968 0.614598 
d_945 d945 0.260717 0.344799 0.394484 
d_946 d946 0.133726 0.466405 0.399869 
d_947 d947 0.391636 0.378181 0.230183 
d_948 d948 0.090479 0.374432 0.535089 
d_949 d949 0.127467 0.327637 0.544896 
d_950 d950 0.218185 0.434300 0.347514 
d_951 d951 0.205322 0.331006 0.463672 
d_952 d952 0.232075 0.457737 0.310189 
d_953 d953 0.141665 0.270748 0.587587 
d_954 d954 0.350513 0.345088 0.304399 
d_955 d955 0.067171 0.270336 0.662493 
d_956 d956 0.195398 0.376862 0.427740 
d_957 d957 0.165545 0.379849 0.454606 
d_958 d958 0.234862 0.307756 0.457382 
d_959 d959 0.053316 0.274580 0.672105 
d_960 d960 0.437289 0.247050 0.315661 
d_961 d961 0.142745 0.390313 0.466942 
d_962 d962 0.214308 0.376281 0.409412 
d_963 d963 0.203389 0.408841 0.387769 
d_964 d964 0.258359 0.254731 0.486910 
d_965 d965 0.136877 0.382694 0.480428 
d_966 d966 0.404556 0.363579 0.231865 
d_967 d967 0.364513 0.354120 0.281367 
d_968 d968 0.356162 0.391509 0.252329 
d_969 d969 0.202129 0.447209 0.350662 
d_970 d970 0.157529 0.383213 0.459258 
d_971 d971 0.353213 0.265050 0.381736 
d_972 d972 0.120640 0.665057 0.214303 
d_973 d973 0.205140 0.331553 0.463308 
d_974 d974 0.342080 0.346454 0.311466 
d_975 d975 0.257650 0.328792 0.413557 
d_976 d976 0.345646 0.378480 0.275874 
d_977 d977 0.282839 0.282839 0.434322 
d_978 d978 0.251656 0.499676 0.248668 
d_979 d979 0.196369 0.378988 0.424643 
d_980 d980 0.090272 0.284927 0.624800 
d_981 d981 0.227217 0.466616 0.306167 
d_982 d982 0.172579 0.288508 0.538913 
d_983 d983 0.150822 0.285830 0.563348 
d_984 d984 0.454591 0.285830 0.259579 
d_985 d985 0.110879 0.453498 0.435622 
d_986 d986 0.212292 0.289853 0.497855 
d_987 d987 0.155107 0.244220 0.600673 
d_988 d988 0.237365 0.344993 0.417642 
d_989 d989 0.291601 0.278188 0.430211 
d_990 d990 0.100365 0.347453 0.552183 
d_991 d991 0.335308 0.370848 0.293845 
d_992 d992 0.128830 0.422532 0.448638 
d_993 d993 0.276960 0.414761 0.308279 
d_994 d994 0.121174 0.331464 0.547362 
d_995 d995 0.125016 0.369631 0.505353 
d_996 d996 0.170462 0.518356 0.311183 
d_997 d997 0.352879 0.445720 0.201401 
d_998 d998 0.108584 0.359931 0.531485 
d_999 d999 0.330966 0.334517 0.334517 
d_1000 d1000 0.259589 0.327038 0.413373 
d_1001 d1001 0.436753 0.310893 0.252354 
d_1002 d1002 0.286555 0.397855 0.315590 
d_1003 d1003 0.189930 0.396507 0.413563 
d_1004 d1004 0.265257 0.291145 0.443597 
d_1005 d1005 0.330512 0.542085 0.127402 
d_1006 d1006 0.190842 0.532299 0.276858 
d_1007 d1007 0.399281 0.414046 0.186673 
d_1008 d1008 0.394970 0.335322 0.269709 
d_1009 d1009 0.251209 0.310815 0.437976 
d_1010 d1010 0.417630 0.309557 0.272812 
d_1011 d1011 0.119691 0.592756 0.287553 
d_1012 d1012 0.412492 0.429868 0.157641 
d_1013 d1013 0.163541 0.577759 0.258700 
d_1014 d1014 0.238667 0.410210 0.351123 
d_1015 d1015 0.231002 0.520554 0.248445 
d_1016 d1016 0.496891 0.241332 0.261777 
d_1017 d1017 0.156226 0.576342 0.267433 
d_1018 d1018 0.344932 0.460919 0.194149 
d_1019 d1019 0.523711 0.255347 0.220942 
d_1020 d1020 0.372834 0.270491 0.356675 
d_1021 d1021 0.094354 0.630443 0.275203 
d_1022 d1022 0.346284 0.316066 0.337650 
d_1023 d1023 0.242746 0.406879 0.350374 
d_1024 d1024 0.328098 0.328098 0.343805 
d_1025 d1025 0.305924 0.369357 0.324719 
d_1026 d1026 0.356496 0.479120 0.164384 
d_1027 d1027 0.249693 0.502182 0.248125 
d_1028 d1028 0.109990 0.457890 0.432120 
