d_0 d0 0.086055 0.424148 0.489797 
d_1 d1 0.110507 0.390336 0.499158 
d_2 d2 0.108490 0.365060 0.526450 
d_3 d3 0.382117 0.389820 0.228063 
d_4 d4 0.134272 0.344708 0.521020 
d_5 d5 0.075847 0.385409 0.538743 
d_6 d6 0.161342 0.335611 0.503047 
d_7 d7 0.361232 0.229250 0.409518 
d_8 d8 0.324404 0.329275 0.346321 
d_9 d9 0.255633 0.340646 0.403720 
d_10 d10 0.244640 0.354490 0.400871 
d_11 d11 0.403670 0.269391 0.326939 
d_12 d12 0.431499 0.188539 0.379962 
d_13 d13 0.050418 0.361322 0.588260 
d_14 d14 0.143347 0.309585 0.547068 
d_15 d15 0.104778 0.275471 0.619750 
d_16 d16 0.195016 0.254295 0.550689 
d_17 d17 0.042738 0.370409 0.586853 
d_18 d18 0.347375 0.389500 0.263125 
d_19 d19 0.159747 0.446164 0.394088 
d_20 d20 0.127442 0.359070 0.513489 
d_21 d21 0.159560 0.366707 0.473733 
d_22 d22 0.092317 0.327880 0.579803 
d_23 d23 0.102447 0.393534 0.504019 
d_24 d24 0.211849 0.420485 0.367666 
d_25 d25 0.189431 0.592116 0.218453 
d_26 d26 0.148046 0.394687 0.457267 
d_27 d27 0.193383 0.315638 0.490978 
d_28 d28 0.285301 0.318554 0.396145 
d_29 d29 0.155995 0.428188 0.415816 
d_30 d30 0.288260 0.415029 0.296711 
d_31 d31 0.173545 0.351261 0.475194 
d_32 d32 0.207878 0.399933 0.392189 
d_33 d33 0.360333 0.324694 0.314974 
d_34 d34 0.302657 0.262163 0.435180 
d_35 d35 0.328730 0.394326 0.276943 
d_36 d36 0.223948 0.405606 0.370446 
d_37 d37 0.263318 0.231810 0.504872 
d_38 d38 0.061919 0.336252 0.601829 
d_39 d39 0.054891 0.475743 0.469366 
d_40 d40 0.105929 0.377422 0.516649 
d_41 d41 0.300801 0.387553 0.311645 
d_42 d42 0.447090 0.372086 0.180824 
d_43 d43 0.165067 0.378362 0.456571 
d_44 d44 0.383594 0.244410 0.371996 
d_45 d45 0.263134 0.332183 0.404684 
d_46 d46 0.170265 0.332501 0.497234 
d_47 d47 0.108614 0.391702 0.499684 
d_48 d48 0.204093 0.384106 0.411801 
d_49 d49 0.299077 0.381955 0.318968 
d_50 d50 0.245498 0.362193 0.392308 
d_51 d51 0.402870 0.296669 0.300461 
d_52 d52 0.344306 0.273768 0.381926 
d_53 d53 0.144967 0.379643 0.475390 
d_54 d54 0.367291 0.344369 0.288340 
d_55 d55 0.208708 0.388722 0.402569 
d_56 d56 0.106377 0.321619 0.572004 
d_57 d57 0.278717 0.381123 0.340160 
d_58 d58 0.359243 0.312605 0.328151 
d_59 d59 0.472631 0.381552 0.145817 
d_60 d60 0.293495 0.380040 0.326465 
d_61 d61 0.284248 0.348118 0.367634 
d_62 d62 0.122627 0.337612 0.539761 
d_63 d63 0.349179 0.254104 0.396716 
d_64 d64 0.103734 0.341618 0.554648 
d_65 d65 0.194694 0.380485 0.424821 
d_66 d66 0.317932 0.262488 0.419580 
d_67 d67 0.123787 0.489661 0.386551 
d_68 d68 0.439875 0.205483 0.354642 
d_69 d69 0.261367 0.300622 0.438011 
d_70 d70 0.110451 0.358994 0.530555 
d_71 d71 0.182332 0.364076 0.453592 
d_72 d72 0.134655 0.462617 0.402728 
d_73 d73 0.295524 0.355073 0.349402 
d_74 d74 0.139860 0.282921 0.577219 
d_75 d75 0.207881 0.552434 0.239685 
d_76 d76 0.262826 0.279525 0.457649 
d_77 d77 0.376088 0.269722 0.354189 
d_78 d78 0.082431 0.370022 0.547547 
d_79 d79 0.143081 0.410398 0.446522 
d_80 d80 0.213099 0.319188 0.467713 
d_81 d81 0.122044 0.327297 0.550659 
d_82 d82 0.309359 0.329908 0.360733 
d_83 d83 0.337924 0.349401 0.312675 
d_84 d84 0.063433 0.392007 0.544560 
d_85 d85 0.270748 0.208162 0.521090 
d_86 d86 0.079153 0.579570 0.341276 
d_87 d87 0.101860 0.385022 0.513119 
d_88 d88 0.312577 0.374847 0.312577 
d_89 d89 0.283330 0.443805 0.272865 
d_90 d90 0.284160 0.436489 0.279350 
d_91 d91 0.112348 0.344625 0.543028 
d_92 d92 0.219606 0.316027 0.464367 
d_93 d93 0.126202 0.312620 0.561178 
d_94 d94 0.426644 0.329276 0.244079 
d_95 d95 0.416078 0.287681 0.296241 
d_96 d96 0.227762 0.437478 0.334760 
d_97 d97 0.363772 0.361869 0.274359 
d_98 d98 0.163541 0.370650 0.465808 
d_99 d99 0.378112 0.291753 0.330135 
d_100 d100 0.101877 0.468417 0.429706 
d_101 d101 0.264985 0.273079 0.461936 
d_102 d102 0.151503 0.310265 0.538232 
d_103 d103 0.229182 0.428806 0.342013 
d_104 d104 0.333333 0.271114 0.395552 
d_105 d105 0.256134 0.386574 0.357292 
d_106 d106 0.113553 0.481557 0.404890 
d_107 d107 0.279814 0.403320 0.316866 
d_108 d108 0.262532 0.342183 0.395284 
d_109 d109 0.211347 0.318373 0.470280 
d_110 d110 0.193319 0.445345 0.361336 
d_111 d111 0.127181 0.326931 0.545888 
d_112 d112 0.087612 0.325822 0.586566 
d_113 d113 0.382345 0.213411 0.404244 
d_114 d114 0.304832 0.320378 0.374789 
d_115 d115 0.241354 0.333333 0.425312 
d_116 d116 0.520606 0.230142 0.249252 
d_117 d117 0.160840 0.331498 0.507661 
d_118 d118 0.391677 0.336980 0.271343 
d_119 d119 0.299034 0.358606 0.342359 
d_120 d120 0.230304 0.519543 0.250154 
d_121 d121 0.331498 0.215891 0.452610 
d_122 d122 0.282108 0.326503 0.391388 
d_123 d123 0.143861 0.256792 0.599348 
d_124 d124 0.218530 0.339612 0.441858 
d_125 d125 0.237809 0.382865 0.379327 
d_126 d126 0.226761 0.281662 0.491577 
d_127 d127 0.175657 0.418651 0.405691 
d_128 d128 0.191978 0.292694 0.515328 
d_129 d129 0.175720 0.243269 0.581011 
d_130 d130 0.157065 0.312923 0.530012 
d_131 d131 0.116408 0.355691 0.527901 
d_132 d132 0.192393 0.354571 0.453036 
d_133 d133 0.194800 0.268811 0.536389 
d_134 d134 0.192946 0.364531 0.442524 
d_135 d135 0.131313 0.492940 0.375746 
d_136 d136 0.127857 0.523729 0.348414 
d_137 d137 0.052528 0.329639 0.617834 
d_138 d138 0.082060 0.501693 0.416247 
d_139 d139 0.092891 0.409876 0.497234 
d_140 d140 0.130500 0.352836 0.516663 
d_141 d141 0.161754 0.384297 0.453948 
d_142 d142 0.476200 0.199558 0.324242 
d_143 d143 0.116933 0.399799 0.483268 
d_144 d144 0.131285 0.286992 0.581723 
d_145 d145 0.270163 0.363584 0.366253 
d_146 d146 0.174938 0.368949 0.456113 
d_147 d147 0.269916 0.384068 0.346017 
d_148 d148 0.085767 0.382259 0.531973 
d_149 d149 0.127779 0.359574 0.512647 
d_150 d150 0.121057 0.248423 0.630521 
d_151 d151 0.324134 0.261055 0.414810 
d_152 d152 0.261202 0.316217 0.422581 
d_153 d153 0.412107 0.335046 0.252847 
d_154 d154 0.104409 0.305471 0.590120 
d_155 d155 0.293727 0.310701 0.395573 
d_156 d156 0.326291 0.453060 0.220649 
d_157 d157 0.385108 0.323796 0.291096 
d_158 d158 0.113746 0.328314 0.557940 
d_159 d159 0.268549 0.292843 0.438607 
d_160 d160 0.242416 0.279133 0.478451 
d_161 d161 0.160079 0.491277 0.348644 
d_162 d162 0.151686 0.326423 0.521892 
d_163 d163 0.282951 0.365654 0.351395 
d_164 d164 0.319426 0.308047 0.372527 
d_165 d165 0.329559 0.323898 0.346542 
d_166 d166 0.143804 0.451212 0.404985 
d_167 d167 0.521208 0.239396 0.239396 
d_168 d168 0.509428 0.250270 0.240302 
d_169 d169 0.108389 0.361989 0.529622 
d_170 d170 0.241352 0.358775 0.399873 
d_171 d171 0.600186 0.182504 0.217311 
d_172 d172 0.151575 0.401219 0.447206 
d_173 d173 0.248577 0.197724 0.553699 
d_174 d174 0.076967 0.340262 0.582770 
d_175 d175 0.141809 0.362005 0.496187 
d_176 d176 0.211198 0.352682 0.436121 
d_177 d177 0.239094 0.439732 0.321173 
d_178 d178 0.537427 0.216880 0.245693 
d_179 d179 0.179299 0.438357 0.382344 
d_180 d180 0.205763 0.270687 0.523549 
d_181 d181 0.463907 0.276949 0.259144 
d_182 d182 0.241538 0.310384 0.448078 
d_183 d183 0.166497 0.402202 0.431301 
d_184 d184 0.193079 0.344005 0.462916 
d_185 d185 0.242298 0.361040 0.396662 
d_186 d186 0.257754 0.313056 0.429190 
d_187 d187 0.292016 0.386128 0.321856 
d_188 d188 0.179807 0.307746 0.512447 
d_189 d189 0.077966 0.480277 0.441758 
d_190 d190 0.084449 0.379323 0.536228 
d_191 d191 0.317602 0.290634 0.391764 
d_192 d192 0.154646 0.433030 0.412324 
d_193 d193 0.224532 0.367613 0.407855 
d_194 d194 0.564957 0.184822 0.250221 
d_195 d195 0.411788 0.343264 0.244948 
d_196 d196 0.361604 0.207881 0.430515 
d_197 d197 0.324208 0.187335 0.488457 
d_198 d198 0.368341 0.389346 0.242313 
d_199 d199 0.156698 0.394376 0.448925 
d_200 d200 0.105020 0.522383 0.372597 
d_201 d201 0.342290 0.342290 0.315420 
d_202 d202 0.233418 0.356528 0.410054 
d_203 d203 0.394181 0.295889 0.309931 
d_204 d204 0.113859 0.340285 0.545856 
d_205 d205 0.275885 0.260217 0.463899 
d_206 d206 0.213324 0.481037 0.305639 
d_207 d207 0.315448 0.336444 0.348108 
d_208 d208 0.268275 0.332404 0.399322 
d_209 d209 0.162270 0.320175 0.517555 
d_210 d210 0.127718 0.384378 0.487904 
d_211 d211 0.405545 0.229784 0.364671 
d_212 d212 0.098094 0.296251 0.605655 
d_213 d213 0.240544 0.283072 0.476384 
d_214 d214 0.194479 0.308538 0.496983 
d_215 d215 0.250199 0.206186 0.543615 
d_216 d216 0.267289 0.318238 0.414473 
d_217 d217 0.367765 0.195608 0.436627 
d_218 d218 0.313015 0.319788 0.367197 
d_219 d219 0.106324 0.495851 0.397824 
d_220 d220 0.111973 0.378280 0.509748 
d_221 d221 0.180694 0.483868 0.335439 
d_222 d222 0.096155 0.417932 0.485913 
d_223 d223 0.161040 0.506360 0.332600 
d_224 d224 0.221609 0.295184 0.483207 
d_225 d225 0.126345 0.408919 0.464736 
d_226 d226 0.265993 0.317252 0.416755 
d_227 d227 0.225819 0.301712 0.472469 
d_228 d228 0.308787 0.237874 0.453339 
d_229 d229 0.252682 0.383337 0.363981 
d_230 d230 0.183921 0.438601 0.377478 
d_231 d231 0.161660 0.385673 0.452668 
d_232 d232 0.174776 0.538525 0.286699 
d_233 d233 0.350827 0.342080 0.307092 
d_234 d234 0.120226 0.385968 0.493806 
d_235 d235 0.234329 0.244341 0.521330 
d_236 d236 0.281050 0.287725 0.431225 
d_237 d237 0.211899 0.536405 0.251697 
d_238 d238 0.220857 0.448255 0.330888 
d_239 d239 0.446980 0.300114 0.252907 
d_240 d240 0.224069 0.337886 0.438045 
d_241 d241 0.184465 0.306921 0.508614 
d_242 d242 0.376675 0.347781 0.275544 
d_243 d243 0.289090 0.436567 0.274342 
d_244 d244 0.136784 0.374948 0.488268 
d_245 d245 0.141487 0.343538 0.514975 
d_246 d246 0.495320 0.282894 0.221786 
d_247 d247 0.283513 0.349940 0.366547 
d_248 d248 0.173712 0.241053 0.585235 
d_249 d249 0.332271 0.258940 0.408789 
d_250 d250 0.385666 0.312073 0.302261 
d_251 d251 0.386751 0.307938 0.305311 
d_252 d252 0.110246 0.404491 0.485264 
d_253 d253 0.221670 0.357875 0.420455 
d_254 d254 0.297809 0.265515 0.436676 
d_255 d255 0.152136 0.288777 0.559087 
d_256 d256 0.041399 0.367496 0.591105 
d_257 d257 0.350463 0.264815 0.384722 
d_258 d258 0.355382 0.303410 0.341208 
d_259 d259 0.199315 0.282348 0.518336 
d_260 d260 0.101994 0.550214 0.347792 
d_261 d261 0.132943 0.424886 0.442172 
d_262 d262 0.355608 0.348925 0.295467 
d_263 d263 0.177216 0.324412 0.498372 
d_264 d264 0.384542 0.373569 0.241889 
d_265 d265 0.129676 0.416548 0.453776 
d_266 d266 0.288376 0.297368 0.414256 
d_267 d267 0.236887 0.423844 0.339268 
d_268 d268 0.162884 0.423776 0.413340 
d_269 d269 0.086712 0.344056 0.569232 
d_270 d270 0.195483 0.327467 0.477049 
d_271 d271 0.178264 0.355674 0.466062 
d_272 d272 0.261727 0.361813 0.376460 
d_273 d273 0.274554 0.448509 0.276937 
d_274 d274 0.075049 0.485914 0.439037 
d_275 d275 0.544144 0.264515 0.191341 
d_276 d276 0.128428 0.346027 0.525545 
d_277 d277 0.202450 0.338367 0.459183 
d_278 d278 0.142794 0.387301 0.469905 
d_279 d279 0.293277 0.309300 0.397423 
d_280 d280 0.315368 0.306385 0.378247 
d_281 d281 0.098169 0.330423 0.571408 
d_282 d282 0.248146 0.352264 0.399590 
d_283 d283 0.352202 0.343264 0.304533 
d_284 d284 0.178545 0.380443 0.441012 
d_285 d285 0.183004 0.439816 0.377179 
d_286 d286 0.106991 0.429649 0.463360 
d_287 d287 0.274216 0.396145 0.329639 
d_288 d288 0.245090 0.364478 0.390432 
d_289 d289 0.213752 0.336051 0.450197 
d_290 d290 0.409289 0.328586 0.262125 
d_291 d291 0.097762 0.457544 0.444694 
d_292 d292 0.163970 0.287968 0.548062 
d_293 d293 0.266081 0.404322 0.329597 
d_294 d294 0.262115 0.271404 0.466481 
d_295 d295 0.106610 0.392541 0.500848 
d_296 d296 0.118195 0.384184 0.497620 
d_297 d297 0.092753 0.361637 0.545610 
d_298 d298 0.391491 0.289083 0.319426 
d_299 d299 0.123877 0.308691 0.567432 
d_300 d300 0.128158 0.360690 0.511152 
d_301 d301 0.608525 0.257216 0.134258 
d_302 d302 0.091594 0.485914 0.422492 
d_303 d303 0.413556 0.364328 0.222116 
d_304 d304 0.178684 0.286939 0.534377 
d_305 d305 0.330782 0.338436 0.330782 
d_306 d306 0.089607 0.473476 0.436917 
d_307 d307 0.076577 0.432274 0.491148 
d_308 d308 0.326490 0.252064 0.421447 
d_309 d309 0.430991 0.319735 0.249274 
d_310 d310 0.100658 0.287087 0.612255 
d_311 d311 0.372668 0.315454 0.311878 
d_312 d312 0.288121 0.313957 0.397922 
d_313 d313 0.169046 0.270748 0.560206 
d_314 d314 0.251252 0.468128 0.280621 
d_315 d315 0.103885 0.409241 0.486874 
d_316 d316 0.319696 0.327879 0.352425 
d_317 d317 0.196047 0.451684 0.352269 
d_318 d318 0.205630 0.300058 0.494312 
d_319 d319 0.059917 0.451567 0.488515 
d_320 d320 0.128224 0.401299 0.470478 
d_321 d321 0.297618 0.387719 0.314664 
d_322 d322 0.061045 0.392308 0.546647 
d_323 d323 0.092222 0.330281 0.577496 
d_324 d324 0.155004 0.557315 0.287681 
d_325 d325 0.325107 0.353311 0.321582 
d_326 d326 0.112785 0.342068 0.545147 
d_327 d327 0.323461 0.370848 0.305691 
d_328 d328 0.151501 0.518301 0.330198 
d_329 d329 0.079610 0.432616 0.487773 
d_330 d330 0.396587 0.255903 0.347511 
d_331 d331 0.063110 0.461516 0.475374 
d_332 d332 0.090338 0.407720 0.501942 
d_333 d333 0.181021 0.535748 0.283231 
d_334 d334 0.187940 0.411622 0.400438 
d_335 d335 0.077178 0.434472 0.488350 
d_336 d336 0.413263 0.282216 0.304522 
d_337 d337 0.169776 0.384445 0.445779 
d_338 d338 0.107921 0.553379 0.338700 
d_339 d339 0.264320 0.324550 0.411130 
d_340 d340 0.524287 0.166249 0.309464 
d_341 d341 0.141164 0.376356 0.482480 
d_342 d342 0.363934 0.322206 0.313860 
d_343 d343 0.289722 0.472889 0.237389 
d_344 d344 0.199465 0.374281 0.426254 
d_345 d345 0.121845 0.338647 0.539508 
d_346 d346 0.215839 0.431096 0.353065 
d_347 d347 0.145669 0.289850 0.564481 
d_348 d348 0.132227 0.447598 0.420175 
d_349 d349 0.134162 0.466346 0.399492 
d_350 d350 0.124386 0.301188 0.574426 
d_351 d351 0.329511 0.268361 0.402128 
d_352 d352 0.292963 0.375539 0.331498 
d_353 d353 0.235790 0.336980 0.427230 
d_354 d354 0.240887 0.297615 0.461498 
d_355 d355 0.300910 0.248535 0.450555 
d_356 d356 0.303788 0.386414 0.309797 
d_357 d357 0.277653 0.271228 0.451119 
d_358 d358 0.178328 0.381906 0.439766 
d_359 d359 0.294044 0.349642 0.356314 
d_360 d360 0.140205 0.306385 0.553410 
d_361 d361 0.430961 0.285793 0.283246 
d_362 d362 0.379899 0.263485 0.356616 
d_363 d363 0.501982 0.289485 0.208534 
d_364 d364 0.087462 0.363136 0.549402 
d_365 d365 0.042131 0.321098 0.636771 
d_366 d366 0.140299 0.258910 0.600791 
d_367 d367 0.080862 0.327309 0.591829 
d_368 d368 0.157333 0.356162 0.486505 
d_369 d369 0.127674 0.283096 0.589230 
d_370 d370 0.238422 0.364971 0.396608 
d_371 d371 0.121693 0.367613 0.510694 
d_372 d372 0.296395 0.243040 0.460565 
d_373 d373 0.058978 0.407003 0.534019 
d_374 d374 0.199567 0.340977 0.459456 
d_375 d375 0.237338 0.327602 0.435060 
d_376 d376 0.202162 0.416234 0.381604 
d_377 d377 0.257612 0.390125 0.352264 
d_378 d378 0.120346 0.439827 0.439827 
d_379 d379 0.199250 0.256714 0.544036 
d_380 d380 0.143426 0.327207 0.529367 
d_381 d381 0.293331 0.466023 0.240646 
d_382 d382 0.276687 0.376306 0.347007 
d_383 d383 0.333333 0.289957 0.376709 
d_384 d384 0.269693 0.351516 0.378791 
d_385 d385 0.295463 0.266007 0.438530 
d_386 d386 0.225182 0.381401 0.393417 
d_387 d387 0.216320 0.309931 0.473750 
d_388 d388 0.109403 0.456685 0.433912 
d_389 d389 0.172676 0.266081 0.561243 
d_390 d390 0.218925 0.420822 0.360253 
d_391 d391 0.218044 0.383117 0.398838 
d_392 d392 0.179892 0.447522 0.372586 
d_393 d393 0.459644 0.303204 0.237152 
d_394 d394 0.191151 0.341276 0.467572 
d_395 d395 0.448674 0.236990 0.314336 
d_396 d396 0.316334 0.299334 0.384332 
d_397 d397 0.175185 0.276353 0.548462 
d_398 d398 0.181860 0.324208 0.493932 
d_399 d399 0.220050 0.318716 0.461234 
d_400 d400 0.124494 0.499522 0.375984 
d_401 d401 0.181629 0.385411 0.432960 
d_402 d402 0.262936 0.450442 0.286621 
d_403 d403 0.264451 0.294328 0.441222 
d_404 d404 0.209130 0.272038 0.518832 
d_405 d405 0.048546 0.402212 0.549242 
d_406 d406 0.270228 0.356864 0.372908 
d_407 d407 0.467019 0.286699 0.246282 
d_408 d408 0.301669 0.210634 0.487697 
d_409 d409 0.395919 0.380273 0.223809 
d_410 d410 0.477057 0.171645 0.351299 
d_411 d411 0.296073 0.305015 0.398912 
d_412 d412 0.321084 0.364515 0.314402 
d_413 d413 0.062853 0.327115 0.610032 
d_414 d414 0.418276 0.310565 0.271159 
d_415 d415 0.087494 0.318104 0.594402 
d_416 d416 0.114082 0.289168 0.596751 
d_417 d417 0.168594 0.453720 0.377686 
d_418 d418 0.248546 0.339855 0.411598 
d_419 d419 0.279548 0.334245 0.386207 
d_420 d420 0.140235 0.290423 0.569343 
d_421 d421 0.248021 0.407270 0.344708 
d_422 d422 0.106377 0.479757 0.413866 
d_423 d423 0.431118 0.291723 0.277159 
d_424 d424 0.192195 0.257336 0.550469 
d_425 d425 0.137231 0.371577 0.491192 
d_426 d426 0.135462 0.347238 0.517300 
d_427 d427 0.353198 0.381427 0.265375 
d_428 d428 0.159543 0.316328 0.524129 
d_429 d429 0.277464 0.256512 0.466024 
d_430 d430 0.320345 0.308656 0.370998 
d_431 d431 0.274674 0.353864 0.371462 
d_432 d432 0.171099 0.463121 0.365780 
d_433 d433 0.210898 0.398757 0.390345 
d_434 d434 0.189222 0.477444 0.333333 
d_435 d435 0.264510 0.347098 0.388392 
d_436 d436 0.229610 0.323548 0.446842 
d_437 d437 0.091276 0.382210 0.526514 
d_438 d438 0.078263 0.405247 0.516490 
d_439 d439 0.259144 0.263595 0.477261 
d_440 d440 0.150988 0.283603 0.565410 
d_441 d441 0.170537 0.530288 0.299175 
d_442 d442 0.239447 0.486966 0.273587 
d_443 d443 0.088059 0.516657 0.395284 
d_444 d444 0.102285 0.360317 0.537398 
d_445 d445 0.333333 0.315350 0.351316 
d_446 d446 0.380483 0.212978 0.406539 
d_447 d447 0.097897 0.291076 0.611027 
d_448 d448 0.441268 0.340079 0.218653 
d_449 d449 0.321568 0.369699 0.308733 
d_450 d450 0.108448 0.428022 0.463530 
d_451 d451 0.298575 0.280699 0.420726 
d_452 d452 0.359589 0.338107 0.302303 
d_453 d453 0.283005 0.313761 0.403234 
d_454 d454 0.232084 0.486037 0.281879 
d_455 d455 0.209542 0.459907 0.330551 
d_456 d456 0.107514 0.401190 0.491295 
d_457 d457 0.262988 0.365654 0.371358 
d_458 d458 0.257725 0.290992 0.451283 
d_459 d459 0.148496 0.345116 0.506388 
d_460 d460 0.181878 0.416895 0.401227 
d_461 d461 0.238814 0.357725 0.403461 
d_462 d462 0.155569 0.313471 0.530960 
d_463 d463 0.235042 0.291208 0.473750 
d_464 d464 0.331870 0.388932 0.279198 
d_465 d465 0.417548 0.338597 0.243855 
d_466 d466 0.082246 0.591554 0.326200 
d_467 d467 0.456232 0.322489 0.221278 
d_468 d468 0.394783 0.214049 0.391168 
d_469 d469 0.162890 0.356759 0.480351 
d_470 d470 0.159705 0.362647 0.477648 
d_471 d471 0.152754 0.384022 0.463224 
d_472 d472 0.198626 0.584014 0.217360 
d_473 d473 0.190960 0.281015 0.528024 
d_474 d474 0.322150 0.288601 0.389248 
d_475 d475 0.177216 0.274421 0.548363 
d_476 d476 0.360529 0.304901 0.334570 
d_477 d477 0.154165 0.274502 0.571333 
d_478 d478 0.084976 0.480908 0.434116 
d_479 d479 0.322052 0.322052 0.355897 
d_480 d480 0.141016 0.493425 0.365560 
d_481 d481 0.134472 0.429868 0.435660 
d_482 d482 0.360180 0.348674 0.291145 
d_483 d483 0.408034 0.266255 0.325711 
d_484 d484 0.146341 0.376711 0.476948 
d_485 d485 0.157372 0.458397 0.384231 
d_486 d486 0.062999 0.352238 0.584763 
d_487 d487 0.446285 0.339679 0.214036 
d_488 d488 0.136001 0.402765 0.461234 
d_489 d489 0.128529 0.426958 0.444513 
d_490 d490 0.098326 0.391322 0.510351 
d_491 d491 0.225924 0.423015 0.351061 
d_492 d492 0.308487 0.364392 0.327122 
d_493 d493 0.409242 0.315260 0.275499 
d_494 d494 0.094705 0.424389 0.480906 
d_495 d495 0.203205 0.336948 0.459847 
d_496 d496 0.249083 0.267806 0.483111 
d_497 d497 0.452958 0.266344 0.280699 
d_498 d498 0.166249 0.330946 0.502805 
d_499 d499 0.120525 0.456538 0.422937 
d_500 d500 0.164491 0.343724 0.491785 
d_501 d501 0.163887 0.347706 0.488407 
d_502 d502 0.410623 0.331448 0.257929 
d_503 d503 0.162084 0.438718 0.399199 
d_504 d504 0.481832 0.225573 0.292595 
d_505 d505 0.115350 0.379225 0.505426 
d_506 d506 0.333333 0.287144 0.379523 
d_507 d507 0.177753 0.327509 0.494738 
d_508 d508 0.460107 0.260891 0.279002 
d_509 d509 0.391769 0.321646 0.286585 
d_510 d510 0.125767 0.323898 0.550335 
d_511 d511 0.326249 0.343959 0.329791 
d_512 d512 0.179140 0.360868 0.459992 
d_513 d513 0.122429 0.327539 0.550032 
d_514 d514 0.228831 0.318108 0.453061 
d_515 d515 0.241790 0.303582 0.454629 
d_516 d516 0.283063 0.421039 0.295898 
d_517 d517 0.193430 0.336442 0.470128 
d_518 d518 0.352121 0.356456 0.291423 
d_519 d519 0.194498 0.603291 0.202211 
d_520 d520 0.331194 0.421039 0.247767 
d_521 d521 0.131577 0.418971 0.449452 
d_522 d522 0.273437 0.284327 0.442236 
d_523 d523 0.471412 0.226088 0.302500 
d_524 d524 0.290989 0.398880 0.310131 
d_525 d525 0.205241 0.314531 0.480228 
d_526 d526 0.191264 0.319957 0.488780 
d_527 d527 0.221142 0.430050 0.348808 
d_528 d528 0.250245 0.517637 0.232117 
d_529 d529 0.195658 0.390824 0.413518 
d_530 d530 0.249342 0.390447 0.360211 
d_531 d531 0.241871 0.495151 0.262978 
d_532 d532 0.364143 0.314374 0.321484 
d_533 d533 0.268686 0.345305 0.386009 
d_534 d534 0.327527 0.283983 0.388490 
d_535 d535 0.180512 0.385904 0.433584 
d_536 d536 0.442323 0.232664 0.325014 
d_537 d537 0.201747 0.230456 0.567797 
d_538 d538 0.307225 0.317441 0.375333 
d_539 d539 0.066246 0.347344 0.586409 
d_540 d540 0.104554 0.554313 0.341133 
d_541 d541 0.218268 0.205483 0.576248 
d_542 d542 0.275044 0.432768 0.292188 
d_543 d543 0.326754 0.331688 0.341558 
d_544 d544 0.315825 0.417787 0.266389 
d_545 d545 0.508813 0.294510 0.196677 
d_546 d546 0.210653 0.369050 0.420297 
d_547 d547 0.364832 0.213639 0.421529 
d_548 d548 0.179552 0.313761 0.506687 
d_549 d549 0.176408 0.467651 0.355941 
d_550 d550 0.101799 0.424643 0.473558 
d_551 d551 0.347477 0.332501 0.320022 
d_552 d552 0.148917 0.297288 0.553795 
d_553 d553 0.181841 0.356876 0.461283 
d_554 d554 0.261779 0.367818 0.370404 
d_555 d555 0.518468 0.246211 0.235321 
d_556 d556 0.319618 0.312761 0.367621 
d_557 d557 0.075524 0.303186 0.621290 
d_558 d558 0.168250 0.461945 0.369805 
d_559 d559 0.334858 0.398887 0.266255 
d_560 d560 0.238649 0.371207 0.390144 
d_561 d561 0.132882 0.304697 0.562421 
d_562 d562 0.120288 0.400457 0.479255 
d_563 d563 0.112339 0.460830 0.426831 
d_564 d564 0.294480 0.388234 0.317285 
d_565 d565 0.418328 0.279986 0.301686 
d_566 d566 0.147561 0.291062 0.561377 
d_567 d567 0.144992 0.356876 0.498132 
d_568 d568 0.393302 0.324887 0.281811 
d_569 d569 0.132877 0.426830 0.440293 
d_570 d570 0.335257 0.225636 0.439108 
d_571 d571 0.207308 0.501065 0.291627 
d_572 d572 0.121845 0.297200 0.580955 
d_573 d573 0.331333 0.373337 0.295330 
d_574 d574 0.284533 0.297644 0.417823 
d_575 d575 0.296581 0.313990 0.389429 
d_576 d576 0.187408 0.343538 0.469055 
d_577 d577 0.100756 0.424703 0.474541 
d_578 d578 0.209007 0.474237 0.316756 
d_579 d579 0.191734 0.260764 0.547502 
d_580 d580 0.219419 0.493609 0.286973 
d_581 d581 0.079771 0.301892 0.618338 
d_582 d582 0.186797 0.304630 0.508573 
d_583 d583 0.444647 0.293330 0.262023 
d_584 d584 0.384433 0.258509 0.357058 
d_585 d585 0.462805 0.365701 0.171494 
d_586 d586 0.122612 0.261902 0.615486 
d_587 d587 0.187848 0.455590 0.356562 
d_588 d588 0.209542 0.384797 0.405661 
d_589 d589 0.439875 0.260885 0.299240 
d_590 d590 0.318992 0.350543 0.330465 
d_591 d591 0.262884 0.345585 0.391531 
d_592 d592 0.158897 0.417995 0.423109 
d_593 d593 0.119713 0.423130 0.457158 
d_594 d594 0.295200 0.395300 0.309500 
d_595 d595 0.149376 0.322512 0.528112 
d_596 d596 0.276791 0.335100 0.388108 
d_597 d597 0.138912 0.346024 0.515064 
d_598 d598 0.259128 0.365377 0.375495 
d_599 d599 0.078162 0.426123 0.495715 
d_600 d600 0.399722 0.329050 0.271228 
d_601 d601 0.078548 0.409633 0.511820 
d_602 d602 0.195559 0.458141 0.346300 
d_603 d603 0.144767 0.488483 0.366750 
d_604 d604 0.107659 0.529639 0.362702 
d_605 d605 0.237727 0.442598 0.319675 
d_606 d606 0.327352 0.388361 0.284287 
d_607 d607 0.099096 0.448632 0.452273 
d_608 d608 0.092937 0.378528 0.528535 
d_609 d609 0.161583 0.442478 0.395939 
d_610 d610 0.363387 0.307036 0.329577 
d_611 d611 0.255588 0.366905 0.377507 
d_612 d612 0.351753 0.228236 0.420012 
d_613 d613 0.392847 0.207305 0.399848 
d_614 d614 0.219942 0.395516 0.384542 
d_615 d615 0.197537 0.197537 0.604925 
d_616 d616 0.188037 0.284272 0.527691 
d_617 d617 0.203628 0.403825 0.392547 
d_618 d618 0.193137 0.445490 0.361373 
d_619 d619 0.206422 0.356219 0.437359 
d_620 d620 0.175927 0.354069 0.470003 
d_621 d621 0.135073 0.333333 0.531594 
d_622 d622 0.150051 0.534410 0.315539 
d_623 d623 0.131468 0.374265 0.494267 
d_624 d624 0.321680 0.293077 0.385243 
d_625 d625 0.117710 0.402110 0.480180 
d_626 d626 0.218342 0.345587 0.436071 
d_627 d627 0.444668 0.254631 0.300701 
d_628 d628 0.225980 0.394442 0.379578 
d_629 d629 0.365305 0.215679 0.419017 
d_630 d630 0.095013 0.337830 0.567157 
d_631 d631 0.279121 0.394679 0.326200 
d_632 d632 0.154011 0.327816 0.518174 
d_633 d633 0.381366 0.292690 0.325944 
d_634 d634 0.125693 0.564932 0.309375 
d_635 d635 0.072742 0.356571 0.570688 
d_636 d636 0.325596 0.343005 0.331399 
d_637 d637 0.255824 0.316483 0.427693 
d_638 d638 0.484723 0.265926 0.249351 
d_639 d639 0.346559 0.390646 0.262794 
d_640 d640 0.117031 0.385406 0.497563 
d_641 d641 0.116852 0.347629 0.535519 
d_642 d642 0.459991 0.305627 0.234382 
d_643 d643 0.276895 0.345215 0.377890 
d_644 d644 0.157316 0.331333 0.511351 
d_645 d645 0.431403 0.344383 0.224214 
d_646 d646 0.379392 0.383579 0.237029 
d_647 d647 0.124636 0.315324 0.560040 
d_648 d648 0.237499 0.464119 0.298382 
d_649 d649 0.292294 0.285815 0.421891 
d_650 d650 0.229192 0.382924 0.387883 
d_651 d651 0.400509 0.293244 0.306246 
d_652 d652 0.271873 0.395671 0.332455 
d_653 d653 0.231405 0.343911 0.424684 
d_654 d654 0.208163 0.365958 0.425880 
d_655 d655 0.112896 0.434211 0.452892 
d_656 d656 0.337788 0.336117 0.326095 
d_657 d657 0.121036 0.337339 0.541625 
d_658 d658 0.306795 0.398980 0.294224 
d_659 d659 0.328738 0.361827 0.309435 
d_660 d660 0.228417 0.395837 0.375746 
d_661 d661 0.143361 0.371328 0.485311 
d_662 d662 0.238730 0.331403 0.429868 
d_663 d663 0.216908 0.284678 0.498414 
d_664 d664 0.294510 0.355074 0.350415 
d_665 d665 0.289487 0.276960 0.433553 
d_666 d666 0.196962 0.409834 0.393204 
d_667 d667 0.205166 0.583843 0.210991 
d_668 d668 0.149203 0.352897 0.497900 
d_669 d669 0.322446 0.308449 0.369105 
d_670 d670 0.176392 0.306620 0.516988 
d_671 d671 0.309438 0.401604 0.288957 
d_672 d672 0.392685 0.236887 0.370428 
d_673 d673 0.177037 0.300429 0.522534 
d_674 d674 0.300910 0.345804 0.353286 
d_675 d675 0.150842 0.391731 0.457427 
d_676 d676 0.135967 0.348622 0.515411 
d_677 d677 0.206511 0.322832 0.470657 
d_678 d678 0.399692 0.321484 0.278825 
d_679 d679 0.150369 0.411493 0.438138 
d_680 d680 0.116812 0.372088 0.511100 
d_681 d681 0.061702 0.388270 0.550028 
d_682 d682 0.222489 0.458957 0.318554 
d_683 d683 0.288847 0.328885 0.382268 
d_684 d684 0.209061 0.270708 0.520231 
d_685 d685 0.370159 0.345992 0.283848 
d_686 d686 0.166484 0.448042 0.385474 
d_687 d687 0.184986 0.395997 0.419017 
d_688 d688 0.234490 0.318216 0.447293 
d_689 d689 0.193182 0.310767 0.496051 
d_690 d690 0.340686 0.304446 0.354868 
d_691 d691 0.144446 0.314157 0.541397 
d_692 d692 0.365593 0.339537 0.294869 
d_693 d693 0.328781 0.406176 0.265043 
d_694 d694 0.113855 0.458037 0.428108 
d_695 d695 0.137897 0.334373 0.527730 
d_696 d696 0.330216 0.311509 0.358276 
d_697 d697 0.398702 0.389921 0.211376 
d_698 d698 0.306987 0.306987 0.386026 
d_699 d699 0.213800 0.416178 0.370022 
d_700 d700 0.240628 0.501362 0.258010 
d_701 d701 0.187412 0.394620 0.417968 
d_702 d702 0.250241 0.268047 0.481712 
d_703 d703 0.260030 0.397474 0.342496 
d_704 d704 0.255003 0.287194 0.457804 
d_705 d705 0.229879 0.266827 0.503295 
d_706 d706 0.182493 0.317893 0.499614 
d_707 d707 0.318231 0.323265 0.358503 
d_708 d708 0.415418 0.238936 0.345646 
d_709 d709 0.185234 0.464570 0.350196 
d_710 d710 0.136778 0.408931 0.454290 
d_711 d711 0.082919 0.347066 0.570015 
d_712 d712 0.149882 0.379196 0.470922 
d_713 d713 0.359519 0.275351 0.365130 
d_714 d714 0.146995 0.403312 0.449693 
d_715 d715 0.132071 0.518345 0.349584 
d_716 d716 0.215590 0.273716 0.510694 
d_717 d717 0.270215 0.345957 0.383828 
d_718 d718 0.275316 0.277606 0.447078 
d_719 d719 0.182456 0.309830 0.507714 
d_720 d720 0.275492 0.213919 0.510589 
d_721 d721 0.161705 0.328539 0.509756 
d_722 d722 0.375399 0.273628 0.350974 
d_723 d723 0.353688 0.324483 0.321828 
d_724 d724 0.078027 0.463253 0.458720 
d_725 d725 0.269119 0.303858 0.427022 
d_726 d726 0.206647 0.291601 0.501751 
d_727 d727 0.229373 0.497328 0.273300 
d_728 d728 0.134589 0.306304 0.559106 
d_729 d729 0.169227 0.516163 0.314610 
d_730 d730 0.312535 0.338533 0.348932 
d_731 d731 0.198330 0.480771 0.320899 
d_732 d732 0.063599 0.365939 0.570463 
d_733 d733 0.229632 0.336909 0.433458 
d_734 d734 0.224199 0.466604 0.309198 
d_735 d735 0.329123 0.461761 0.209116 
d_736 d736 0.067424 0.321154 0.611421 
d_737 d737 0.511860 0.234152 0.253988 
d_738 d738 0.055606 0.406419 0.537974 
d_739 d739 0.180182 0.419098 0.400720 
d_740 d740 0.450508 0.278834 0.270659 
d_741 d741 0.344804 0.366703 0.288493 
d_742 d742 0.162393 0.525809 0.311798 
d_743 d743 0.134995 0.520497 0.344507 
d_744 d744 0.259291 0.315526 0.425184 
d_745 d745 0.212598 0.393701 0.393701 
d_746 d746 0.114048 0.485055 0.400897 
d_747 d747 0.260159 0.426465 0.313377 
d_748 d748 0.291446 0.315008 0.393547 
d_749 d749 0.137656 0.356590 0.505754 
d_750 d750 0.352884 0.312279 0.334837 
d_751 d751 0.069415 0.498010 0.432575 
d_752 d752 0.342390 0.202665 0.454945 
d_753 d753 0.128294 0.369118 0.502587 
d_754 d754 0.209731 0.314231 0.476038 
d_755 d755 0.101690 0.376064 0.522246 
d_756 d756 0.138671 0.353655 0.507674 
d_757 d757 0.265669 0.238144 0.496187 
d_758 d758 0.207873 0.284240 0.507887 
d_759 d759 0.145490 0.325283 0.529228 
d_760 d760 0.117700 0.506778 0.375522 
d_761 d761 0.103471 0.491859 0.404670 
d_762 d762 0.149919 0.524608 0.325473 
d_763 d763 0.088173 0.372171 0.539657 
d_764 d764 0.266928 0.393702 0.339370 
d_765 d765 0.135393 0.345992 0.518614 
d_766 d766 0.098860 0.320437 0.580703 
d_767 d767 0.140108 0.532868 0.327024 
d_768 d768 0.122988 0.335147 0.541865 
d_769 d769 0.268361 0.302758 0.428881 
d_770 d770 0.282348 0.293274 0.424378 
d_771 d771 0.091386 0.357528 0.551086 
d_772 d772 0.247101 0.305258 0.447642 
d_773 d773 0.241769 0.322983 0.435248 
d_774 d774 0.220423 0.339537 0.440040 
d_775 d775 0.259408 0.367216 0.373376 
d_776 d776 0.312346 0.299753 0.387901 
d_777 d777 0.309620 0.294902 0.395478 
d_778 d778 0.364626 0.313775 0.321599 
d_779 d779 0.181968 0.379401 0.438631 
d_780 d780 0.255254 0.275189 0.469557 
d_781 d781 0.123769 0.294773 0.581458 
d_782 d782 0.314652 0.277290 0.408058 
d_783 d783 0.082270 0.443303 0.474427 
d_784 d784 0.334106 0.331789 0.334106 
d_785 d785 0.380040 0.285253 0.334707 
d_786 d786 0.125068 0.372383 0.502549 
d_787 d787 0.123715 0.450779 0.425506 
d_788 d788 0.219347 0.397166 0.383487 
d_789 d789 0.264654 0.409242 0.326104 
d_790 d790 0.297879 0.268537 0.433584 
d_791 d791 0.097693 0.362788 0.539519 
d_792 d792 0.159960 0.488457 0.351583 
d_793 d793 0.178295 0.374823 0.446883 
d_794 d794 0.228469 0.304204 0.467327 
d_795 d795 0.162393 0.331987 0.505619 
d_796 d796 0.317381 0.328425 0.354194 
d_797 d797 0.240173 0.339988 0.419839 
d_798 d798 0.450589 0.288235 0.261176 
d_799 d799 0.089324 0.386935 0.523741 
d_800 d800 0.167643 0.355820 0.476537 
d_801 d801 0.304450 0.331528 0.364022 
d_802 d802 0.196427 0.306620 0.496953 
d_803 d803 0.290514 0.377534 0.331952 
d_804 d804 0.376058 0.328586 0.295356 
d_805 d805 0.184103 0.383077 0.432820 
d_806 d806 0.116872 0.413877 0.469251 
d_807 d807 0.065375 0.331406 0.603219 
d_808 d808 0.278470 0.358414 0.363116 
d_809 d809 0.176814 0.248441 0.574745 
d_810 d810 0.258010 0.264963 0.477026 
d_811 d811 0.083121 0.430503 0.486376 
d_812 d812 0.135219 0.350974 0.513807 
d_813 d813 0.182472 0.338777 0.478751 
d_814 d814 0.298979 0.413494 0.287527 
d_815 d815 0.284028 0.350155 0.365817 
d_816 d816 0.251761 0.245405 0.502834 
d_817 d817 0.139605 0.284901 0.575493 
d_818 d818 0.429404 0.313665 0.256931 
d_819 d819 0.117339 0.363573 0.519089 
d_820 d820 0.210924 0.421382 0.367694 
d_821 d821 0.356836 0.318056 0.325107 
d_822 d822 0.120691 0.259875 0.619434 
d_823 d823 0.187869 0.468407 0.343724 
d_824 d824 0.310701 0.259778 0.429521 
d_825 d825 0.313145 0.252582 0.434273 
d_826 d826 0.285165 0.330458 0.384378 
d_827 d827 0.293886 0.210349 0.495765 
d_828 d828 0.073964 0.298165 0.627871 
d_829 d829 0.118406 0.315668 0.565926 
d_830 d830 0.261896 0.330782 0.407322 
d_831 d831 0.187092 0.473445 0.339463 
d_832 d832 0.179796 0.489589 0.330616 
d_833 d833 0.254777 0.273313 0.471910 
d_834 d834 0.384550 0.382580 0.232870 
d_835 d835 0.088021 0.485596 0.426383 
d_836 d836 0.148349 0.317436 0.534215 
d_837 d837 0.441142 0.314852 0.244006 
d_838 d838 0.112133 0.533157 0.354710 
d_839 d839 0.125497 0.382236 0.492267 
d_840 d840 0.149830 0.375539 0.474631 
d_841 d841 0.324039 0.318463 0.357498 
d_842 d842 0.329849 0.290649 0.379503 
d_843 d843 0.221306 0.282412 0.496283 
d_844 d844 0.148868 0.304290 0.546842 
d_845 d845 0.163978 0.579331 0.256691 
d_846 d846 0.278015 0.475085 0.246899 
d_847 d847 0.258740 0.393992 0.347268 
d_848 d848 0.140738 0.388361 0.470901 
d_849 d849 0.281474 0.385967 0.332559 
d_850 d850 0.144327 0.356062 0.499611 
d_851 d851 0.269650 0.489003 0.241347 
d_852 d852 0.522761 0.279577 0.197662 
d_853 d853 0.316939 0.278295 0.404766 
d_854 d854 0.117811 0.459257 0.422933 
d_855 d855 0.392267 0.279757 0.327976 
d_856 d856 0.210945 0.368301 0.420754 
d_857 d857 0.232831 0.376406 0.390763 
d_858 d858 0.036749 0.420455 0.542796 
d_859 d859 0.121151 0.486164 0.392685 
d_860 d860 0.248303 0.305413 0.446285 
d_861 d861 0.339842 0.346350 0.313808 
d_862 d862 0.206126 0.529038 0.264837 
d_863 d863 0.129880 0.374884 0.495236 
d_864 d864 0.292616 0.370078 0.337306 
d_865 d865 0.296352 0.310220 0.393428 
d_866 d866 0.228901 0.317441 0.453658 
d_867 d867 0.250150 0.510791 0.239059 
d_868 d868 0.502689 0.228058 0.269253 
d_869 d869 0.050106 0.423966 0.525928 
d_870 d870 0.239322 0.317125 0.443553 
d_871 d871 0.092358 0.384794 0.522848 
d_872 d872 0.150178 0.346232 0.503590 
d_873 d873 0.108754 0.436317 0.454929 
d_874 d874 0.125805 0.420384 0.453811 
d_875 d875 0.156830 0.465711 0.377459 
d_876 d876 0.291038 0.401006 0.307956 
d_877 d877 0.417876 0.284387 0.297736 
d_878 d878 0.189310 0.444901 0.365789 
d_879 d879 0.140265 0.377739 0.481996 
d_880 d880 0.340183 0.432657 0.227160 
d_881 d881 0.337729 0.317947 0.344324 
d_882 d882 0.235140 0.432480 0.332380 
d_883 d883 0.146983 0.281623 0.571394 
d_884 d884 0.166425 0.431271 0.402304 
d_885 d885 0.242679 0.303115 0.454205 
d_886 d886 0.157193 0.483979 0.358827 
d_887 d887 0.364143 0.236165 0.399692 
d_888 d888 0.299271 0.409319 0.291410 
d_889 d889 0.175008 0.360168 0.464824 
d_890 d890 0.400978 0.324192 0.274830 
d_891 d891 0.205342 0.438287 0.356372 
d_892 d892 0.223084 0.360652 0.416264 
d_893 d893 0.166368 0.285945 0.547687 
d_894 d894 0.226531 0.277505 0.495965 
d_895 d895 0.188090 0.374831 0.437079 
d_896 d896 0.257881 0.315429 0.426690 
d_897 d897 0.141382 0.363981 0.494637 
d_898 d898 0.090805 0.283401 0.625794 
d_899 d899 0.339881 0.295687 0.364432 
d_900 d900 0.171593 0.311692 0.516715 
d_901 d901 0.428219 0.308663 0.263118 
d_902 d902 0.154987 0.411018 0.433995 
d_903 d903 0.222722 0.437032 0.340247 
d_904 d904 0.081817 0.436899 0.481284 
d_905 d905 0.196693 0.342245 0.461062 
d_906 d906 0.087391 0.377639 0.534970 
d_907 d907 0.294580 0.388234 0.317186 
d_908 d908 0.292802 0.398028 0.309170 
d_909 d909 0.377507 0.255588 0.366905 
d_910 d910 0.336798 0.340262 0.322940 
d_911 d911 0.205869 0.339322 0.454810 
d_912 d912 0.351827 0.269633 0.378540 
d_913 d913 0.445073 0.294224 0.260703 
d_914 d914 0.197976 0.276825 0.525199 
d_915 d915 0.226677 0.290671 0.482653 
d_916 d916 0.148192 0.399794 0.452014 
d_917 d917 0.279865 0.368979 0.351156 
d_918 d918 0.399865 0.321898 0.278237 
d_919 d919 0.103623 0.480551 0.415826 
d_920 d920 0.437149 0.291807 0.271044 
d_921 d921 0.202628 0.412982 0.384390 
d_922 d922 0.115551 0.413680 0.470769 
d_923 d923 0.066229 0.347919 0.585852 
d_924 d924 0.336501 0.346006 0.317493 
d_925 d925 0.218950 0.320968 0.460082 
d_926 d926 0.067583 0.632959 0.299458 
d_927 d927 0.199714 0.426615 0.373671 
d_928 d928 0.056507 0.411537 0.531956 
d_929 d929 0.220489 0.346609 0.432902 
d_930 d930 0.126671 0.304430 0.568899 
d_931 d931 0.217337 0.396034 0.386629 
d_932 d932 0.321137 0.344005 0.334858 
d_933 d933 0.208830 0.316833 0.474337 
d_934 d934 0.128640 0.343671 0.527689 
d_935 d935 0.306026 0.401233 0.292741 
d_936 d936 0.097118 0.305090 0.597792 
d_937 d937 0.237759 0.391509 0.370732 
d_938 d938 0.122729 0.348113 0.529158 
d_939 d939 0.279628 0.292692 0.427680 
d_940 d940 0.286052 0.373341 0.340607 
d_941 d941 0.250875 0.388945 0.360180 
d_942 d942 0.148724 0.323461 0.527815 
d_943 d943 0.126087 0.380625 0.493289 
d_944 d944 0.112556 0.275871 0.611573 
d_945 d945 0.295114 0.337155 0.367730 
d_946 d946 0.124653 0.469429 0.405918 
d_947 d947 0.405090 0.351273 0.243637 
d_948 d948 0.068062 0.381904 0.550034 
d_949 d949 0.122584 0.322755 0.554660 
d_950 d950 0.236904 0.400267 0.362829 
d_951 d951 0.209977 0.347298 0.442725 
d_952 d952 0.240754 0.454844 0.304402 
d_953 d953 0.161223 0.270748 0.568029 
d_954 d954 0.323387 0.377639 0.298974 
d_955 d955 0.086070 0.246712 0.667218 
d_956 d956 0.181831 0.383646 0.434523 
d_957 d957 0.180497 0.429687 0.389816 
d_958 d958 0.234862 0.323103 0.442036 
d_959 d959 0.068317 0.278330 0.653353 
d_960 d960 0.415458 0.250169 0.334373 
d_961 d961 0.148639 0.407997 0.443364 
d_962 d962 0.199583 0.398368 0.402049 
d_963 d963 0.245533 0.387769 0.366697 
d_964 d964 0.280126 0.272870 0.447004 
d_965 d965 0.142801 0.367886 0.489313 
d_966 d966 0.436753 0.357725 0.205522 
d_967 d967 0.374906 0.333333 0.291760 
d_968 d968 0.369417 0.382672 0.247910 
d_969 d969 0.313529 0.335809 0.350662 
d_970 d970 0.128092 0.385666 0.486242 
d_971 d971 0.371364 0.270236 0.358399 
d_972 d972 0.123567 0.653349 0.223084 
d_973 d973 0.199798 0.340455 0.459747 
d_974 d974 0.346454 0.363948 0.289598 
d_975 d975 0.245541 0.330306 0.424153 
d_976 d976 0.382584 0.386689 0.230727 
d_977 d977 0.261800 0.257592 0.480609 
d_978 d978 0.272573 0.508641 0.218786 
d_979 d979 0.173542 0.395293 0.431165 
d_980 d980 0.105721 0.303466 0.590813 
d_981 d981 0.298527 0.425867 0.275606 
d_982 d982 0.158668 0.330242 0.511091 
d_983 d983 0.120820 0.304582 0.574598 
d_984 d984 0.435840 0.338334 0.225827 
d_985 d985 0.122797 0.447540 0.429664 
d_986 d986 0.184088 0.300429 0.515483 
d_987 d987 0.146195 0.244220 0.609585 
d_988 d988 0.229293 0.328849 0.441858 
d_989 d989 0.287130 0.260303 0.452567 
d_990 d990 0.079186 0.347453 0.573362 
d_991 d991 0.317538 0.364924 0.317538 
d_992 d992 0.120128 0.389898 0.489974 
d_993 d993 0.289487 0.395970 0.314542 
d_994 d994 0.126782 0.306229 0.566989 
d_995 d995 0.088719 0.404350 0.506931 
d_996 d996 0.156780 0.489039 0.354181 
d_997 d997 0.289356 0.470152 0.240492 
d_998 d998 0.092626 0.375889 0.531485 
d_999 d999 0.359370 0.334517 0.306113 
d_1000 d1000 0.246099 0.297360 0.456540 
d_1001 d1001 0.457242 0.331382 0.211376 
d_1002 d1002 0.247843 0.451085 0.301073 
d_1003 d1003 0.157712 0.424934 0.417354 
d_1004 d1004 0.296898 0.265257 0.437845 
d_1005 d1005 0.341091 0.533622 0.125287 
d_1006 d1006 0.216908 0.511447 0.271645 
d_1007 d1007 0.390423 0.387470 0.222107 
d_1008 d1008 0.371110 0.424794 0.204096 
d_1009 d1009 0.255182 0.326710 0.418107 
d_1010 d1010 0.458698 0.279297 0.262005 
d_1011 d1011 0.125795 0.601913 0.272293 
d_1012 d1012 0.377739 0.447244 0.175017 
d_1013 d1013 0.163541 0.583357 0.253102 
d_1014 d1014 0.211983 0.425458 0.362559 
d_1015 d1015 0.241468 0.499622 0.258910 
d_1016 d1016 0.537780 0.225999 0.236221 
d_1017 d1017 0.143869 0.588698 0.267433 
d_1018 d1018 0.283072 0.503447 0.213480 
d_1019 d1019 0.506508 0.286312 0.207179 
d_1020 d1020 0.335129 0.292037 0.372834 
d_1021 d1021 0.084665 0.636902 0.278433 
d_1022 d1022 0.346284 0.333333 0.320383 
d_1023 d1023 0.253509 0.444549 0.301942 
d_1024 d1024 0.388683 0.316878 0.294439 
d_1025 d1025 0.336466 0.310623 0.352911 
d_1026 d1026 0.340146 0.442333 0.217522 
d_1027 d1027 0.249693 0.497478 0.252829 
d_1028 d1028 0.120727 0.457890 0.421382 
