d_0 d0 0.066360 0.401171 0.532469 
d_1 d1 0.094960 0.413655 0.491385 
d_2 d2 0.091937 0.352645 0.555418 
d_3 d3 0.362860 0.385968 0.251171 
d_4 d4 0.179772 0.316271 0.503958 
d_5 d5 0.070061 0.391195 0.538743 
d_6 d6 0.147674 0.315109 0.537217 
d_7 d7 0.380546 0.222812 0.396641 
d_8 d8 0.343886 0.341451 0.314664 
d_9 d9 0.230952 0.346131 0.422917 
d_10 d10 0.286139 0.332520 0.381342 
d_11 d11 0.411343 0.292410 0.296247 
d_12 d12 0.475673 0.188539 0.335787 
d_13 d13 0.057226 0.365861 0.576913 
d_14 d14 0.135431 0.254172 0.610396 
d_15 d15 0.113458 0.263899 0.622643 
d_16 d16 0.188430 0.264175 0.547396 
d_17 d17 0.045744 0.367403 0.586853 
d_18 d18 0.305250 0.394181 0.300569 
d_19 d19 0.165534 0.434592 0.399875 
d_20 d20 0.149501 0.331495 0.519004 
d_21 d21 0.159560 0.390874 0.449566 
d_22 d22 0.085773 0.301707 0.612520 
d_23 d23 0.091823 0.416906 0.491271 
d_24 d24 0.196003 0.438972 0.365025 
d_25 d25 0.193059 0.584860 0.222081 
d_26 d26 0.217989 0.343150 0.438861 
d_27 d27 0.183731 0.346202 0.470066 
d_28 d28 0.303775 0.329639 0.366587 
d_29 d29 0.137437 0.446747 0.415816 
d_30 d30 0.305162 0.431932 0.262906 
d_31 d31 0.161854 0.365291 0.472856 
d_32 d32 0.204781 0.401482 0.393738 
d_33 d33 0.340893 0.334413 0.324694 
d_34 d34 0.302657 0.298975 0.398368 
d_35 d35 0.349445 0.404684 0.245871 
d_36 d36 0.294267 0.358726 0.347007 
d_37 d37 0.259817 0.214307 0.525877 
d_38 d38 0.053164 0.315823 0.631013 
d_39 d39 0.070833 0.507625 0.421542 
d_40 d40 0.154658 0.356538 0.488804 
d_41 d41 0.308031 0.398397 0.293572 
d_42 d42 0.469592 0.338334 0.192075 
d_43 d43 0.157957 0.385472 0.456571 
d_44 d44 0.395193 0.240544 0.364263 
d_45 d45 0.311468 0.318373 0.370159 
d_46 d46 0.207704 0.317526 0.474770 
d_47 d47 0.117370 0.406294 0.476336 
d_48 d48 0.254866 0.342565 0.402569 
d_49 d49 0.262611 0.398530 0.338859 
d_50 d50 0.226677 0.418659 0.354665 
d_51 d51 0.395284 0.285290 0.319426 
d_52 d52 0.363116 0.297280 0.339603 
d_53 d53 0.156231 0.347727 0.496042 
d_54 d54 0.362197 0.344369 0.293434 
d_55 d55 0.199477 0.388722 0.411801 
d_56 d56 0.115162 0.334798 0.550040 
d_57 d57 0.319679 0.340160 0.340160 
d_58 d58 0.335924 0.297059 0.367016 
d_59 d59 0.456559 0.370837 0.172605 
d_60 d60 0.309980 0.359434 0.330586 
d_61 d61 0.280700 0.326828 0.392472 
d_62 d62 0.093748 0.360073 0.546179 
d_63 d63 0.335974 0.256745 0.407280 
d_64 d64 0.128587 0.341618 0.529795 
d_65 d65 0.215806 0.363595 0.420599 
d_66 d66 0.280969 0.256327 0.462703 
d_67 d67 0.100504 0.489661 0.409834 
d_68 d68 0.418567 0.179913 0.401520 
d_69 d69 0.210898 0.328660 0.460442 
d_70 d70 0.088456 0.376590 0.534954 
d_71 d71 0.157919 0.366789 0.475293 
d_72 d72 0.128951 0.439802 0.431247 
d_73 d73 0.255825 0.338059 0.406116 
d_74 d74 0.160297 0.327883 0.511820 
d_75 d75 0.191978 0.547133 0.260889 
d_76 d76 0.290658 0.262826 0.446516 
d_77 d77 0.382345 0.288493 0.329162 
d_78 d78 0.075330 0.391325 0.533345 
d_79 d79 0.148499 0.388723 0.462777 
d_80 d80 0.170663 0.340406 0.488931 
d_81 d81 0.128081 0.357481 0.514438 
d_82 d82 0.355596 0.268259 0.376145 
d_83 d83 0.342515 0.351697 0.305788 
d_84 d84 0.079079 0.411565 0.509355 
d_85 d85 0.309864 0.212074 0.478062 
d_86 d86 0.067239 0.572421 0.360340 
d_87 d87 0.078263 0.391764 0.529974 
d_88 d88 0.289933 0.420134 0.289933 
d_89 d89 0.286819 0.419385 0.293796 
d_90 d90 0.316230 0.415644 0.268126 
d_91 d91 0.073635 0.393016 0.533349 
d_92 d92 0.197355 0.341987 0.460659 
d_93 d93 0.108448 0.294866 0.596686 
d_94 d94 0.420559 0.347533 0.231908 
d_95 d95 0.381839 0.309081 0.309081 
d_96 d96 0.236322 0.416078 0.347600 
d_97 d97 0.329529 0.375186 0.295285 
d_98 d98 0.180334 0.314675 0.504991 
d_99 d99 0.435684 0.246975 0.317341 
d_100 d100 0.081312 0.469626 0.449061 
d_101 d101 0.251495 0.259589 0.488916 
d_102 d102 0.110794 0.350974 0.538232 
d_103 d103 0.200251 0.440378 0.359371 
d_104 d104 0.278027 0.326420 0.395552 
d_105 d105 0.250810 0.397223 0.351968 
d_106 d106 0.098220 0.512224 0.389556 
d_107 d107 0.257359 0.429144 0.313498 
d_108 d108 0.251154 0.380113 0.368734 
d_109 d109 0.187180 0.318373 0.494447 
d_110 d110 0.199320 0.421342 0.379338 
d_111 d111 0.134863 0.307724 0.557412 
d_112 d112 0.065079 0.316165 0.618756 
d_113 d113 0.366703 0.263465 0.369832 
d_114 d114 0.343697 0.265967 0.390336 
d_115 d115 0.206186 0.338744 0.455070 
d_116 d116 0.478566 0.241608 0.279827 
d_117 d117 0.138820 0.298468 0.562712 
d_118 d118 0.408086 0.315101 0.276813 
d_119 d119 0.299034 0.315281 0.385685 
d_120 d120 0.233140 0.528050 0.238811 
d_121 d121 0.353519 0.243417 0.403065 
d_122 d122 0.265033 0.323088 0.411879 
d_123 d123 0.132568 0.275613 0.591819 
d_124 d124 0.229293 0.323467 0.447240 
d_125 d125 0.216581 0.351023 0.432396 
d_126 d126 0.236450 0.297809 0.465741 
d_127 d127 0.169178 0.444570 0.386252 
d_128 d128 0.202580 0.287393 0.510027 
d_129 d129 0.186978 0.299559 0.513463 
d_130 d130 0.184897 0.351888 0.463216 
d_131 d131 0.100094 0.353878 0.546029 
d_132 d132 0.192393 0.337195 0.470412 
d_133 d133 0.154948 0.251732 0.593320 
d_134 d134 0.161749 0.369730 0.468521 
d_135 d135 0.117920 0.472850 0.409230 
d_136 d136 0.127857 0.509590 0.362552 
d_137 d137 0.056223 0.344418 0.599360 
d_138 d138 0.076363 0.518782 0.404855 
d_139 d139 0.122842 0.404884 0.472274 
d_140 d140 0.107097 0.332358 0.560545 
d_141 d141 0.158357 0.392791 0.448852 
d_142 d142 0.472303 0.222937 0.304760 
d_143 d143 0.084473 0.418348 0.497179 
d_144 d144 0.100700 0.314797 0.584503 
d_145 d145 0.270163 0.339561 0.390275 
d_146 d146 0.129950 0.363325 0.506725 
d_147 d147 0.266989 0.389921 0.343090 
d_148 d148 0.091639 0.417486 0.490875 
d_149 d149 0.184634 0.355201 0.460165 
d_150 d150 0.163512 0.237809 0.598679 
d_151 d151 0.316249 0.253170 0.430580 
d_152 d152 0.301547 0.301547 0.396907 
d_153 d153 0.386420 0.340183 0.273397 
d_154 d154 0.097632 0.325803 0.576565 
d_155 d155 0.323432 0.285239 0.391329 
d_156 d156 0.292485 0.486865 0.220649 
d_157 d157 0.389195 0.389195 0.221609 
d_158 d158 0.094924 0.317021 0.588054 
d_159 d159 0.268549 0.329284 0.402166 
d_160 d160 0.226681 0.252907 0.520413 
d_161 d161 0.111729 0.529957 0.358314 
d_162 d162 0.190187 0.335308 0.474505 
d_163 d163 0.311469 0.348543 0.339988 
d_164 d164 0.345976 0.277704 0.376320 
d_165 d165 0.346542 0.306916 0.346542 
d_166 d166 0.136870 0.423475 0.439655 
d_167 d167 0.499530 0.256738 0.243731 
d_168 d168 0.489492 0.235319 0.275189 
d_169 d169 0.104091 0.400673 0.495236 
d_170 d170 0.253095 0.282450 0.464455 
d_171 d171 0.607147 0.182504 0.210349 
d_172 d172 0.134056 0.420928 0.445016 
d_173 d173 0.204988 0.219518 0.575493 
d_174 d174 0.066574 0.371442 0.561984 
d_175 d175 0.124606 0.358564 0.516830 
d_176 d176 0.182175 0.349054 0.468771 
d_177 d177 0.184375 0.467092 0.348533 
d_178 d178 0.515817 0.231286 0.252896 
d_179 d179 0.161795 0.455861 0.382344 
d_180 d180 0.216015 0.270687 0.513298 
d_181 d181 0.455004 0.272498 0.272498 
d_182 d182 0.207114 0.334216 0.458670 
d_183 d183 0.172317 0.384742 0.442941 
d_184 d184 0.215946 0.325711 0.458343 
d_185 d185 0.277921 0.349166 0.372914 
d_186 d186 0.243928 0.354532 0.401539 
d_187 d187 0.298902 0.395310 0.305788 
d_188 d188 0.141425 0.317341 0.541234 
d_189 d189 0.056566 0.505956 0.437478 
d_190 d190 0.100681 0.336039 0.563281 
d_191 d191 0.327715 0.270408 0.401877 
d_192 d192 0.152345 0.444534 0.403121 
d_193 d193 0.224532 0.300544 0.474924 
d_194 d194 0.569044 0.205259 0.225697 
d_195 d195 0.393912 0.331347 0.274741 
d_196 d196 0.414613 0.181376 0.404011 
d_197 d197 0.324208 0.176385 0.499407 
d_198 d198 0.336834 0.392847 0.270319 
d_199 d199 0.207351 0.402169 0.390480 
d_200 d200 0.090477 0.493298 0.416224 
d_201 d201 0.243768 0.413942 0.342290 
d_202 d202 0.209331 0.337794 0.452875 
d_203 d203 0.408222 0.291208 0.300569 
d_204 d204 0.143652 0.319430 0.536918 
d_205 d205 0.221047 0.205379 0.573574 
d_206 d206 0.222556 0.476421 0.301023 
d_207 d207 0.327112 0.308449 0.364439 
d_208 d208 0.279427 0.332404 0.388169 
d_209 d209 0.158682 0.309408 0.531910 
d_210 d210 0.138502 0.399475 0.462022 
d_211 d211 0.405545 0.209347 0.385108 
d_212 d212 0.098094 0.275393 0.626514 
d_213 d213 0.252143 0.279206 0.468651 
d_214 d214 0.149847 0.308538 0.541615 
d_215 d215 0.279540 0.206186 0.514273 
d_216 d216 0.301255 0.323898 0.374847 
d_217 d217 0.365469 0.216267 0.418264 
d_218 d218 0.373970 0.272378 0.353652 
d_219 d219 0.124382 0.495851 0.379767 
d_220 d220 0.115344 0.371538 0.513119 
d_221 d221 0.171220 0.499658 0.329123 
d_222 d222 0.118816 0.399804 0.481381 
d_223 d223 0.161040 0.508560 0.330401 
d_224 d224 0.201172 0.291096 0.507732 
d_225 d225 0.105413 0.381011 0.513576 
d_226 d226 0.287100 0.320267 0.392633 
d_227 d227 0.213961 0.327800 0.458239 
d_228 d228 0.262421 0.254239 0.483340 
d_229 d229 0.281716 0.373659 0.344625 
d_230 d230 0.140626 0.446241 0.413133 
d_231 d231 0.155379 0.398234 0.446387 
d_232 d232 0.177885 0.566506 0.255609 
d_233 d233 0.385815 0.302719 0.311466 
d_234 d234 0.131780 0.339752 0.528468 
d_235 d235 0.254352 0.220980 0.524668 
d_236 d236 0.257690 0.324434 0.417876 
d_237 d237 0.199653 0.539466 0.260881 
d_238 d238 0.253866 0.426249 0.319885 
d_239 d239 0.499432 0.268642 0.231926 
d_240 d240 0.210411 0.356097 0.433493 
d_241 d241 0.191668 0.303320 0.505012 
d_242 d242 0.362228 0.362228 0.275544 
d_243 d243 0.312265 0.430247 0.257488 
d_244 d244 0.109895 0.376869 0.513237 
d_245 d245 0.116996 0.361906 0.521098 
d_246 d246 0.486590 0.282894 0.230516 
d_247 d247 0.289049 0.372082 0.338869 
d_248 d248 0.173712 0.270981 0.555306 
d_249 d249 0.348212 0.233434 0.418354 
d_250 d250 0.400384 0.331698 0.267918 
d_251 d251 0.405140 0.302684 0.292176 
d_252 d252 0.066974 0.421799 0.511227 
d_253 d253 0.214308 0.346831 0.438861 
d_254 d254 0.281662 0.281662 0.436676 
d_255 d255 0.172929 0.282836 0.544235 
d_256 d256 0.052579 0.341408 0.606013 
d_257 d257 0.350463 0.313757 0.335780 
d_258 d258 0.397905 0.279786 0.322309 
d_259 d259 0.194945 0.310754 0.494301 
d_260 d260 0.109223 0.542985 0.347792 
d_261 d261 0.138705 0.419124 0.442172 
d_262 d262 0.368972 0.362290 0.268738 
d_263 d263 0.153129 0.369909 0.476962 
d_264 d264 0.391126 0.375764 0.233110 
d_265 d265 0.129676 0.394649 0.475674 
d_266 d266 0.312353 0.312353 0.375293 
d_267 d267 0.281401 0.383782 0.334817 
d_268 d268 0.152448 0.460301 0.387251 
d_269 d269 0.110415 0.322046 0.567539 
d_270 d270 0.177885 0.327467 0.494647 
d_271 d271 0.194034 0.343847 0.462120 
d_272 d272 0.244640 0.334961 0.420400 
d_273 d273 0.317447 0.412765 0.269788 
d_274 d274 0.105382 0.450067 0.444552 
d_275 d275 0.523237 0.264515 0.212248 
d_276 d276 0.131148 0.329707 0.539145 
d_277 d277 0.197416 0.373605 0.428979 
d_278 d278 0.156011 0.407126 0.436863 
d_279 d279 0.269244 0.289272 0.441485 
d_280 d280 0.297403 0.301894 0.400704 
d_281 d281 0.098169 0.332169 0.569662 
d_282 d282 0.200820 0.380659 0.418520 
d_283 d283 0.411788 0.343264 0.244948 
d_284 d284 0.174507 0.348139 0.477354 
d_285 d285 0.195532 0.439816 0.364652 
d_286 d286 0.054017 0.472991 0.472991 
d_287 d287 0.248353 0.418314 0.333333 
d_288 d288 0.255472 0.359287 0.385241 
d_289 d289 0.205599 0.344204 0.450197 
d_290 d290 0.404541 0.347575 0.247884 
d_291 d291 0.117036 0.470393 0.412571 
d_292 d292 0.154897 0.318212 0.526891 
d_293 d293 0.273554 0.389377 0.337070 
d_294 d294 0.234247 0.262115 0.503638 
d_295 d295 0.126106 0.362215 0.511679 
d_296 d296 0.086903 0.395919 0.517178 
d_297 d297 0.089215 0.343947 0.566838 
d_298 d298 0.402870 0.273911 0.323219 
d_299 d299 0.120797 0.324093 0.555111 
d_300 d300 0.155515 0.326494 0.517991 
d_301 d301 0.636630 0.253703 0.109667 
d_302 d302 0.072292 0.444552 0.483156 
d_303 d303 0.435435 0.356124 0.208442 
d_304 d304 0.198015 0.294671 0.507314 
d_305 d305 0.369052 0.346090 0.284858 
d_306 d306 0.091892 0.482615 0.425492 
d_307 d307 0.061859 0.402837 0.535304 
d_308 d308 0.290560 0.272595 0.436845 
d_309 d309 0.405031 0.338278 0.256691 
d_310 d310 0.126671 0.282752 0.590577 
d_311 d311 0.383396 0.319030 0.297574 
d_312 d312 0.249368 0.336563 0.414070 
d_313 d313 0.172958 0.290306 0.536736 
d_314 d314 0.269325 0.454573 0.276102 
d_315 d315 0.096984 0.412692 0.490325 
d_316 d316 0.284240 0.319696 0.396063 
d_317 d317 0.132138 0.455234 0.412628 
d_318 d318 0.186744 0.300058 0.513198 
d_319 d319 0.052528 0.488515 0.458957 
d_320 d320 0.095455 0.448632 0.455914 
d_321 d321 0.300053 0.397459 0.302488 
d_322 d322 0.061045 0.411130 0.527825 
d_323 d323 0.122743 0.321125 0.556132 
d_324 d324 0.197803 0.535916 0.266281 
d_325 d325 0.332158 0.346260 0.321582 
d_326 d326 0.106234 0.401026 0.492739 
d_327 d327 0.323461 0.353078 0.323461 
d_328 d328 0.203229 0.471275 0.325496 
d_329 d329 0.156830 0.454679 0.388491 
d_330 d330 0.432575 0.249359 0.318065 
d_331 d331 0.076967 0.461516 0.461516 
d_332 d332 0.075461 0.387883 0.536656 
d_333 d333 0.187033 0.502680 0.310286 
d_334 d334 0.165572 0.403234 0.431194 
d_335 d335 0.094192 0.414623 0.491186 
d_336 d336 0.379804 0.287792 0.332404 
d_337 d337 0.179998 0.379334 0.440668 
d_338 d338 0.140123 0.542645 0.317232 
d_339 d339 0.196562 0.350900 0.452538 
d_340 d340 0.445519 0.187731 0.366750 
d_341 d341 0.144032 0.364884 0.491085 
d_342 d342 0.376452 0.284651 0.338897 
d_343 d343 0.307167 0.490333 0.202500 
d_344 d344 0.185290 0.364832 0.449878 
d_345 d345 0.115468 0.360965 0.523567 
d_346 d346 0.205076 0.441858 0.353065 
d_347 d347 0.166266 0.303582 0.530152 
d_348 d348 0.134970 0.453083 0.411948 
d_349 d349 0.129984 0.447543 0.422473 
d_350 d350 0.108313 0.279757 0.611930 
d_351 d351 0.279827 0.310402 0.409771 
d_352 d352 0.281952 0.364529 0.353519 
d_353 d353 0.205707 0.339715 0.454579 
d_354 d354 0.203068 0.303918 0.493014 
d_355 d355 0.300910 0.278464 0.420626 
d_356 d356 0.284258 0.363880 0.351862 
d_357 d357 0.251954 0.303352 0.444694 
d_358 d358 0.148327 0.396907 0.454766 
d_359 d359 0.291820 0.354090 0.354090 
d_360 d360 0.117748 0.346807 0.535444 
d_361 d361 0.405493 0.295980 0.298527 
d_362 d362 0.369921 0.246854 0.383225 
d_363 d363 0.496922 0.274306 0.228771 
d_364 d364 0.077528 0.360652 0.561820 
d_365 d365 0.039684 0.306415 0.653901 
d_366 d366 0.136810 0.297285 0.565905 
d_367 d367 0.084148 0.319094 0.596758 
d_368 d368 0.166170 0.342907 0.490924 
d_369 d369 0.104125 0.290161 0.605715 
d_370 d370 0.217330 0.364971 0.417699 
d_371 d371 0.099337 0.389969 0.510694 
d_372 d372 0.284082 0.259457 0.456461 
d_373 d373 0.089462 0.407003 0.503535 
d_374 d374 0.211033 0.310402 0.478566 
d_375 d375 0.271724 0.297514 0.430762 
d_376 d376 0.224199 0.400493 0.375308 
d_377 d377 0.286007 0.314403 0.399590 
d_378 d378 0.127834 0.439827 0.432339 
d_379 d379 0.204038 0.247137 0.548825 
d_380 d380 0.106670 0.313424 0.579907 
d_381 d381 0.249427 0.533343 0.217230 
d_382 d382 0.229808 0.329427 0.440766 
d_383 d383 0.373095 0.293572 0.333333 
d_384 d384 0.265796 0.332035 0.402169 
d_385 d385 0.291255 0.270215 0.438530 
d_386 d386 0.229188 0.377395 0.393417 
d_387 d387 0.281847 0.258444 0.459708 
d_388 d388 0.109403 0.428219 0.462378 
d_389 d389 0.206302 0.262345 0.531353 
d_390 d390 0.227000 0.428898 0.344101 
d_391 d391 0.220665 0.364776 0.414560 
d_392 d392 0.153129 0.482314 0.364557 
d_393 d393 0.428356 0.320586 0.251057 
d_394 d394 0.174471 0.372255 0.453275 
d_395 d395 0.432390 0.253274 0.314336 
d_396 d396 0.290834 0.299334 0.409831 
d_397 d397 0.147276 0.307750 0.544974 
d_398 d398 0.203759 0.324208 0.472032 
d_399 d399 0.179853 0.358913 0.461234 
d_400 d400 0.142143 0.525995 0.331863 
d_401 d401 0.183894 0.398996 0.417110 
d_402 d402 0.239251 0.470180 0.290569 
d_403 d403 0.269430 0.286858 0.443711 
d_404 d404 0.218808 0.267199 0.513993 
d_405 d405 0.036625 0.398238 0.565137 
d_406 d406 0.260602 0.344029 0.395369 
d_407 d407 0.451474 0.302244 0.246282 
d_408 d408 0.281879 0.194802 0.523319 
d_409 d409 0.442858 0.352891 0.204251 
d_410 d410 0.512987 0.180627 0.306385 
d_411 d411 0.278188 0.300544 0.421268 
d_412 d412 0.319413 0.349481 0.331106 
d_413 d413 0.069071 0.330224 0.600705 
d_414 d414 0.423530 0.313192 0.263278 
d_415 d415 0.096196 0.337684 0.566119 
d_416 d416 0.111716 0.310462 0.577822 
d_417 d417 0.168594 0.456888 0.374518 
d_418 d418 0.206153 0.359422 0.434426 
d_419 d419 0.306896 0.320571 0.372533 
d_420 d420 0.186721 0.254664 0.558615 
d_421 d421 0.270771 0.393052 0.336177 
d_422 d422 0.062450 0.488542 0.449008 
d_423 d423 0.433198 0.281320 0.285481 
d_424 d424 0.195814 0.253717 0.550469 
d_425 d425 0.127467 0.364254 0.508279 
d_426 d426 0.125836 0.379325 0.494839 
d_427 d427 0.317128 0.382995 0.299877 
d_428 d428 0.143367 0.333748 0.522885 
d_429 d429 0.243942 0.269083 0.486975 
d_430 d430 0.324242 0.300864 0.374894 
d_431 d431 0.301071 0.327467 0.371462 
d_432 d432 0.164146 0.452691 0.383162 
d_433 d433 0.196878 0.401561 0.401561 
d_434 d434 0.199703 0.540329 0.259968 
d_435 d435 0.319569 0.347098 0.333333 
d_436 d436 0.173834 0.294192 0.531973 
d_437 d437 0.070329 0.412468 0.517204 
d_438 d438 0.098489 0.391764 0.509748 
d_439 d439 0.227984 0.263595 0.508421 
d_440 d440 0.150988 0.291891 0.557121 
d_441 d441 0.146553 0.539009 0.314437 
d_442 d442 0.233045 0.489100 0.277855 
d_443 d443 0.099437 0.505278 0.395284 
d_444 d444 0.087107 0.380555 0.532338 
d_445 d445 0.324342 0.375293 0.300365 
d_446 d446 0.380483 0.205534 0.413983 
d_447 d447 0.073750 0.321260 0.604990 
d_448 d448 0.410912 0.365377 0.223712 
d_449 d449 0.356864 0.337612 0.305524 
d_450 d450 0.117325 0.410268 0.472407 
d_451 d451 0.340285 0.256865 0.402850 
d_452 d452 0.338107 0.373911 0.287982 
d_453 d453 0.310965 0.308169 0.380866 
d_454 d454 0.212166 0.488526 0.299307 
d_455 d455 0.184505 0.418179 0.397316 
d_456 d456 0.130875 0.384504 0.484621 
d_457 d457 0.268691 0.371358 0.359951 
d_458 d458 0.284944 0.287968 0.427088 
d_459 d459 0.157333 0.309768 0.532899 
d_460 d460 0.158376 0.393393 0.448231 
d_461 d461 0.238814 0.316564 0.444622 
d_462 d462 0.155569 0.325389 0.519043 
d_463 d463 0.249083 0.253764 0.497153 
d_464 d464 0.356012 0.364790 0.279198 
d_465 d465 0.398600 0.357545 0.243855 
d_466 d466 0.090805 0.591554 0.317640 
d_467 d467 0.427315 0.340563 0.232122 
d_468 d468 0.398397 0.206820 0.394783 
d_469 d469 0.141080 0.361606 0.497314 
d_470 d470 0.132646 0.403236 0.464119 
d_471 d471 0.165426 0.422039 0.412535 
d_472 d472 0.187921 0.597395 0.214684 
d_473 d473 0.180668 0.314465 0.504867 
d_474 d474 0.322150 0.269430 0.408419 
d_475 d475 0.177216 0.274421 0.548363 
d_476 d476 0.345695 0.301193 0.353112 
d_477 d477 0.194277 0.298569 0.507153 
d_478 d478 0.090375 0.498905 0.410720 
d_479 d479 0.314799 0.351062 0.334139 
d_480 d480 0.131660 0.493425 0.374916 
d_481 d481 0.134472 0.377739 0.487788 
d_482 d482 0.348674 0.345798 0.305528 
d_483 d483 0.380593 0.238814 0.380593 
d_484 d484 0.172719 0.367918 0.459363 
d_485 d485 0.160280 0.446763 0.392957 
d_486 d486 0.071506 0.349402 0.579092 
d_487 d487 0.415826 0.324450 0.259725 
d_488 d488 0.143310 0.432000 0.424691 
d_489 d489 0.123263 0.439246 0.437491 
d_490 d490 0.122743 0.376062 0.501195 
d_491 d491 0.257208 0.426143 0.316648 
d_492 d492 0.280534 0.434273 0.285193 
d_493 d493 0.434544 0.318875 0.246581 
d_494 d494 0.108835 0.431453 0.459712 
d_495 d495 0.224893 0.340563 0.434544 
d_496 d496 0.263125 0.249083 0.487792 
d_497 d497 0.417070 0.295054 0.287876 
d_498 d498 0.144767 0.330946 0.524287 
d_499 d499 0.106124 0.468539 0.425337 
d_500 d500 0.183973 0.347620 0.468407 
d_501 d501 0.154809 0.354514 0.490677 
d_502 d502 0.402140 0.339931 0.257929 
d_503 d503 0.201603 0.448598 0.349800 
d_504 d504 0.466062 0.264998 0.268940 
d_505 d505 0.101009 0.341938 0.557053 
d_506 d506 0.287144 0.287144 0.425712 
d_507 d507 0.182745 0.322518 0.494738 
d_508 d508 0.502364 0.224670 0.272965 
d_509 d509 0.361716 0.316637 0.321646 
d_510 d510 0.137088 0.329559 0.533352 
d_511 d511 0.354585 0.315623 0.329791 
d_512 d512 0.179140 0.344347 0.476513 
d_513 d513 0.164146 0.299728 0.536126 
d_514 d514 0.253746 0.343022 0.403232 
d_515 d515 0.221192 0.351642 0.427166 
d_516 d516 0.295898 0.430665 0.273437 
d_517 d517 0.196539 0.367532 0.435929 
d_518 d518 0.404148 0.334779 0.261074 
d_519 d519 0.186785 0.587865 0.225350 
d_520 d520 0.321568 0.414621 0.263811 
d_521 d521 0.140286 0.397199 0.462515 
d_522 d522 0.273437 0.295217 0.431346 
d_523 d523 0.515651 0.189892 0.294457 
d_524 d524 0.325793 0.411062 0.263146 
d_525 d525 0.187614 0.318056 0.494330 
d_526 d526 0.202334 0.315805 0.481861 
d_527 d527 0.183423 0.467769 0.348808 
d_528 d528 0.268374 0.476849 0.254778 
d_529 d529 0.182042 0.404440 0.413518 
d_530 d530 0.289658 0.400526 0.309816 
d_531 d531 0.214734 0.504196 0.281069 
d_532 d532 0.385472 0.321484 0.293044 
d_533 d533 0.283052 0.340516 0.376432 
d_534 d534 0.340591 0.323173 0.336236 
d_535 d535 0.202518 0.330888 0.466593 
d_536 d536 0.402388 0.252631 0.344981 
d_537 d537 0.183803 0.244811 0.571386 
d_538 d538 0.300414 0.314036 0.385550 
d_539 d539 0.060992 0.334209 0.604799 
d_540 d540 0.143550 0.528316 0.328134 
d_541 d541 0.171390 0.235315 0.593295 
d_542 d542 0.220184 0.470484 0.309332 
d_543 d543 0.336623 0.341558 0.321819 
d_544 d544 0.340543 0.411607 0.247850 
d_545 d545 0.532107 0.285193 0.182701 
d_546 d546 0.224629 0.359733 0.415638 
d_547 d547 0.350658 0.223088 0.426254 
d_548 d548 0.182348 0.324945 0.492707 
d_549 d549 0.148481 0.515526 0.335993 
d_550 d550 0.105060 0.382249 0.512691 
d_551 d551 0.379924 0.330005 0.290070 
d_552 d552 0.148917 0.304833 0.546251 
d_553 d553 0.163417 0.369159 0.467424 
d_554 d554 0.269537 0.352300 0.378163 
d_555 d555 0.474907 0.235321 0.289772 
d_556 d556 0.360763 0.305903 0.333333 
d_557 d557 0.066168 0.290712 0.643121 
d_558 d558 0.220079 0.438910 0.341012 
d_559 d559 0.330284 0.421755 0.247961 
d_560 d560 0.241354 0.379323 0.379323 
d_561 d561 0.136186 0.291481 0.572333 
d_562 d562 0.137799 0.347925 0.514276 
d_563 d563 0.146338 0.435331 0.418331 
d_564 d564 0.304616 0.388234 0.307150 
d_565 d565 0.421041 0.307112 0.271848 
d_566 d566 0.134212 0.291062 0.574726 
d_567 d567 0.148063 0.353805 0.498132 
d_568 d568 0.398370 0.312218 0.289413 
d_569 d569 0.144097 0.447025 0.408878 
d_570 d570 0.398721 0.214097 0.387182 
d_571 d571 0.210028 0.484745 0.305227 
d_572 d572 0.160104 0.294011 0.545884 
d_573 d573 0.229323 0.397340 0.373337 
d_574 d574 0.317309 0.293274 0.389417 
d_575 d575 0.267566 0.366217 0.366217 
d_576 d576 0.208837 0.325170 0.465993 
d_577 d577 0.090788 0.414735 0.494476 
d_578 d578 0.200718 0.474237 0.325045 
d_579 d579 0.165184 0.284659 0.550157 
d_580 d580 0.219419 0.497583 0.282999 
d_581 d581 0.104113 0.317105 0.578782 
d_582 d582 0.164136 0.300098 0.535766 
d_583 d583 0.423776 0.282894 0.293330 
d_584 d584 0.406333 0.247559 0.346108 
d_585 d585 0.436018 0.379095 0.184888 
d_586 d586 0.122612 0.270474 0.606915 
d_587 d587 0.184180 0.455590 0.360230 
d_588 d588 0.230405 0.405661 0.363934 
d_589 d589 0.384473 0.256623 0.358903 
d_590 d590 0.339070 0.359147 0.301783 
d_591 d591 0.368558 0.363964 0.267478 
d_592 d592 0.146964 0.445268 0.407767 
d_593 d593 0.131055 0.440144 0.428801 
d_594 d594 0.306640 0.375280 0.318080 
d_595 d595 0.119618 0.357681 0.522702 
d_596 d596 0.292694 0.313897 0.393409 
d_597 d597 0.120638 0.387142 0.492221 
d_598 d598 0.259128 0.415971 0.324901 
d_599 d599 0.082028 0.487982 0.429989 
d_600 d600 0.431845 0.277653 0.290502 
d_601 d601 0.086723 0.381021 0.532257 
d_602 d602 0.215009 0.448416 0.336575 
d_603 d603 0.151927 0.488483 0.359589 
d_604 d604 0.140119 0.450808 0.409073 
d_605 d605 0.283254 0.419835 0.296912 
d_606 d606 0.366828 0.377594 0.255577 
d_607 d607 0.110019 0.426786 0.463196 
d_608 d608 0.075629 0.378528 0.545844 
d_609 d609 0.178204 0.417546 0.404249 
d_610 d610 0.379165 0.295766 0.325069 
d_611 d611 0.292694 0.366905 0.340401 
d_612 d612 0.342001 0.237987 0.420012 
d_613 d613 0.364840 0.224809 0.410351 
d_614 d614 0.211164 0.399905 0.388932 
d_615 d615 0.204442 0.238967 0.556591 
d_616 d616 0.222002 0.318238 0.459760 
d_617 d617 0.226185 0.426383 0.347432 
d_618 d618 0.177115 0.457507 0.365378 
d_619 d619 0.202261 0.356219 0.441520 
d_620 d620 0.164617 0.331448 0.503935 
d_621 d621 0.125721 0.325852 0.548427 
d_622 d622 0.179412 0.499711 0.320877 
d_623 d623 0.116119 0.391009 0.492872 
d_624 d624 0.369352 0.264474 0.366174 
d_625 d625 0.131651 0.377016 0.491333 
d_626 d626 0.226825 0.354069 0.419106 
d_627 d627 0.398599 0.260390 0.341012 
d_628 d628 0.225980 0.372146 0.401875 
d_629 d629 0.399834 0.192659 0.407507 
d_630 d630 0.103107 0.308152 0.588741 
d_631 d631 0.279121 0.411798 0.309081 
d_632 d632 0.149872 0.336092 0.514035 
d_633 d633 0.329639 0.300080 0.370281 
d_634 d634 0.101735 0.532987 0.365278 
d_635 d635 0.090170 0.371509 0.538321 
d_636 d636 0.325596 0.345906 0.328498 
d_637 d637 0.255824 0.306373 0.437803 
d_638 d638 0.484723 0.262611 0.252666 
d_639 d639 0.335538 0.397259 0.267203 
d_640 d640 0.125042 0.337339 0.537619 
d_641 d641 0.102556 0.376221 0.521223 
d_642 d642 0.487697 0.293753 0.218550 
d_643 d643 0.371949 0.276895 0.351156 
d_644 d644 0.163316 0.349335 0.487349 
d_645 d645 0.418972 0.344383 0.236645 
d_646 d646 0.381486 0.385673 0.232841 
d_647 d647 0.105567 0.305790 0.588643 
d_648 d648 0.230735 0.460736 0.308529 
d_649 d649 0.263135 0.324694 0.412171 
d_650 d650 0.224233 0.358129 0.417638 
d_651 d651 0.410261 0.296495 0.293244 
d_652 d652 0.285043 0.395671 0.319285 
d_653 d653 0.254483 0.338141 0.407375 
d_654 d654 0.192183 0.371950 0.435867 
d_655 d655 0.157731 0.378168 0.464101 
d_656 d656 0.337788 0.337788 0.324424 
d_657 d657 0.149075 0.329328 0.521597 
d_658 d658 0.365458 0.365458 0.269083 
d_659 d659 0.361827 0.345282 0.292890 
d_660 d660 0.221720 0.405882 0.372398 
d_661 d661 0.127078 0.363186 0.509736 
d_662 d662 0.221353 0.360363 0.418284 
d_663 d663 0.209088 0.302924 0.487988 
d_664 d664 0.359733 0.317804 0.322463 
d_665 d665 0.308279 0.339597 0.352124 
d_666 d666 0.206941 0.356616 0.436443 
d_667 d667 0.187688 0.578017 0.234295 
d_668 d668 0.173370 0.335635 0.490995 
d_669 d669 0.287453 0.310782 0.401765 
d_670 d670 0.151348 0.276567 0.572084 
d_671 d671 0.237754 0.411845 0.350401 
d_672 d672 0.423844 0.232436 0.343720 
d_673 d673 0.219343 0.275751 0.504906 
d_674 d674 0.256017 0.398179 0.345804 
d_675 d675 0.153970 0.366703 0.479326 
d_676 d676 0.160985 0.325689 0.513326 
d_677 d677 0.225898 0.322832 0.451270 
d_678 d678 0.421021 0.285934 0.293044 
d_679 d679 0.134381 0.422151 0.443467 
d_680 d680 0.144614 0.372088 0.483298 
d_681 d681 0.058650 0.391322 0.550028 
d_682 d682 0.200320 0.462652 0.337028 
d_683 d683 0.302193 0.328885 0.368922 
d_684 d684 0.220803 0.261901 0.517295 
d_685 d685 0.359802 0.370159 0.270039 
d_686 d686 0.157099 0.448042 0.394859 
d_687 d687 0.169640 0.407507 0.422853 
d_688 d688 0.237979 0.272865 0.489156 
d_689 d689 0.193182 0.303640 0.503177 
d_690 d690 0.326505 0.312324 0.361170 
d_691 d691 0.130064 0.317033 0.552903 
d_692 d692 0.324648 0.343260 0.332093 
d_693 d693 0.319675 0.419835 0.260490 
d_694 d694 0.128819 0.458037 0.413144 
d_695 d695 0.141016 0.296949 0.562035 
d_696 d696 0.360614 0.292802 0.346584 
d_697 d697 0.381141 0.404556 0.214303 
d_698 d698 0.316867 0.306987 0.376146 
d_699 d699 0.270608 0.387774 0.341618 
d_700 d700 0.212817 0.522220 0.264963 
d_701 d701 0.193249 0.403376 0.403376 
d_702 d702 0.290303 0.254692 0.455004 
d_703 d703 0.228614 0.444597 0.326788 
d_704 d704 0.242127 0.277536 0.480337 
d_705 d705 0.196625 0.307470 0.495905 
d_706 d706 0.189619 0.307204 0.503177 
d_707 d707 0.343401 0.328299 0.328299 
d_708 d708 0.440044 0.263561 0.296395 
d_709 d709 0.205030 0.435976 0.358994 
d_710 d710 0.133539 0.405691 0.460770 
d_711 d711 0.080496 0.356759 0.562745 
d_712 d712 0.184279 0.360087 0.455634 
d_713 d713 0.380093 0.262259 0.357648 
d_714 d714 0.139672 0.395988 0.464339 
d_715 d715 0.120820 0.484593 0.394587 
d_716 d716 0.215590 0.269245 0.515165 
d_717 d717 0.257592 0.345957 0.396451 
d_718 d718 0.314249 0.256995 0.428757 
d_719 d719 0.148338 0.337124 0.514538 
d_720 d720 0.325870 0.219517 0.454613 
d_721 d721 0.141570 0.345798 0.512632 
d_722 d722 0.367257 0.269557 0.363186 
d_723 d723 0.374928 0.327138 0.297934 
d_724 d724 0.078027 0.445124 0.476849 
d_725 d725 0.221749 0.310174 0.468077 
d_726 d726 0.224532 0.327372 0.448096 
d_727 d727 0.238158 0.475364 0.286478 
d_728 d728 0.129820 0.339693 0.530487 
d_729 d729 0.162619 0.522771 0.314610 
d_730 d730 0.328134 0.341133 0.330734 
d_731 d731 0.203659 0.475442 0.320899 
d_732 d732 0.071380 0.333704 0.594917 
d_733 d733 0.186721 0.344061 0.469217 
d_734 d734 0.236791 0.491789 0.271420 
d_735 d735 0.344913 0.420706 0.234381 
d_736 d736 0.053216 0.329274 0.617511 
d_737 d737 0.536656 0.209356 0.253988 
d_738 d738 0.048298 0.391802 0.559900 
d_739 d739 0.203155 0.428287 0.368558 
d_740 d740 0.430070 0.315621 0.254309 
d_741 d741 0.351061 0.341676 0.307263 
d_742 d742 0.126052 0.558113 0.315836 
d_743 d743 0.130805 0.457644 0.411551 
d_744 d744 0.259291 0.321149 0.419560 
d_745 d745 0.210215 0.412765 0.377021 
d_746 d746 0.099824 0.541951 0.358225 
d_747 d747 0.276789 0.479683 0.243528 
d_748 d748 0.350350 0.267884 0.381766 
d_749 d749 0.116003 0.387866 0.496131 
d_750 d750 0.348372 0.325814 0.325814 
d_751 d751 0.095589 0.501281 0.403130 
d_752 d752 0.361796 0.183259 0.454945 
d_753 d753 0.119590 0.363315 0.517095 
d_754 d754 0.189505 0.300747 0.509748 
d_755 d755 0.074703 0.385059 0.540238 
d_756 d756 0.113001 0.366490 0.520509 
d_757 d757 0.231263 0.269109 0.499627 
d_758 d758 0.235147 0.292422 0.472431 
d_759 d759 0.110604 0.373586 0.515810 
d_760 d760 0.094261 0.544279 0.361459 
d_761 d761 0.111397 0.515638 0.372965 
d_762 d762 0.121097 0.537709 0.341194 
d_763 d763 0.080891 0.350325 0.568785 
d_764 d764 0.254855 0.405775 0.339370 
d_765 d765 0.135393 0.359802 0.504805 
d_766 d766 0.093584 0.315162 0.591254 
d_767 d767 0.154304 0.532868 0.312828 
d_768 d768 0.109388 0.310667 0.579945 
d_769 d769 0.237786 0.325690 0.436525 
d_770 d770 0.240832 0.297644 0.461524 
d_771 d771 0.064167 0.375674 0.560159 
d_772 d772 0.215014 0.317290 0.467696 
d_773 d773 0.241769 0.318205 0.440025 
d_774 d774 0.179478 0.343260 0.477263 
d_775 d775 0.259408 0.410339 0.330253 
d_776 d776 0.255680 0.324938 0.419382 
d_777 d777 0.309620 0.277730 0.412650 
d_778 d778 0.345068 0.317687 0.337245 
d_779 d779 0.181968 0.379401 0.438631 
d_780 d780 0.230335 0.275189 0.494476 
d_781 d781 0.096106 0.289744 0.614150 
d_782 d782 0.269818 0.292235 0.437948 
d_783 d783 0.076045 0.461977 0.461977 
d_784 d784 0.357272 0.345689 0.297038 
d_785 d785 0.375919 0.268768 0.355313 
d_786 d786 0.131576 0.352858 0.515566 
d_787 d787 0.143041 0.459699 0.397260 
d_788 d788 0.217068 0.392606 0.390326 
d_789 d789 0.282728 0.405627 0.311645 
d_790 d790 0.297879 0.261202 0.440919 
d_791 d791 0.106108 0.341749 0.552143 
d_792 d792 0.138060 0.466557 0.395383 
d_793 d793 0.184846 0.368272 0.446883 
d_794 d794 0.181862 0.327508 0.490630 
d_795 d795 0.174507 0.311798 0.513695 
d_796 d796 0.324744 0.324744 0.350512 
d_797 d797 0.240173 0.334284 0.425543 
d_798 d798 0.460736 0.291617 0.247646 
d_799 d799 0.077323 0.358134 0.564543 
d_800 d800 0.203148 0.338067 0.458785 
d_801 d801 0.250293 0.331528 0.418179 
d_802 d802 0.136322 0.296602 0.567076 
d_803 d803 0.284298 0.400325 0.315377 
d_804 d804 0.333333 0.361817 0.304850 
d_805 d805 0.196539 0.376859 0.426602 
d_806 d806 0.116872 0.454149 0.428979 
d_807 d807 0.065375 0.312610 0.622015 
d_808 d808 0.236147 0.372521 0.391332 
d_809 d809 0.113145 0.288235 0.598621 
d_810 d810 0.247581 0.258010 0.494409 
d_811 d811 0.092838 0.432933 0.474230 
d_812 d812 0.135219 0.359115 0.505665 
d_813 d813 0.173140 0.345775 0.481084 
d_814 d814 0.253173 0.470751 0.276076 
d_815 d815 0.271847 0.358856 0.369297 
d_816 d816 0.258117 0.270830 0.471052 
d_817 d817 0.146870 0.350285 0.502845 
d_818 d818 0.399902 0.329551 0.270547 
d_819 d819 0.143258 0.392732 0.464010 
d_820 d820 0.262465 0.356956 0.380579 
d_821 d821 0.335684 0.332158 0.332158 
d_822 d822 0.105226 0.306270 0.588504 
d_823 d823 0.222937 0.448925 0.328138 
d_824 d824 0.319188 0.314944 0.365867 
d_825 d825 0.331780 0.285193 0.383027 
d_826 d826 0.304576 0.347712 0.347712 
d_827 d827 0.300847 0.217311 0.481842 
d_828 d828 0.093747 0.284976 0.621277 
d_829 d829 0.094853 0.342166 0.562982 
d_830 d830 0.193009 0.376706 0.430284 
d_831 d831 0.218617 0.460309 0.321074 
d_832 d832 0.157376 0.487551 0.355073 
d_833 d833 0.223002 0.315680 0.461318 
d_834 d834 0.390459 0.368791 0.240750 
d_835 d835 0.102119 0.516613 0.381268 
d_836 d836 0.131007 0.343450 0.525544 
d_837 d837 0.453463 0.308691 0.237846 
d_838 d838 0.123286 0.522004 0.354710 
d_839 d839 0.169509 0.360230 0.470261 
d_840 d840 0.122305 0.381044 0.496651 
d_841 d841 0.340769 0.312886 0.346345 
d_842 d842 0.303715 0.290649 0.405636 
d_843 d843 0.202974 0.288522 0.508504 
d_844 d844 0.146513 0.301935 0.551552 
d_845 d845 0.141727 0.616416 0.241857 
d_846 d846 0.296167 0.454341 0.249492 
d_847 d847 0.258740 0.364482 0.376778 
d_848 d848 0.158682 0.345296 0.496022 
d_849 d849 0.290762 0.372035 0.337203 
d_850 d850 0.137149 0.352473 0.510377 
d_851 d851 0.209505 0.524382 0.266112 
d_852 d852 0.527881 0.271897 0.200222 
d_853 d853 0.309913 0.271269 0.418818 
d_854 d854 0.132340 0.422933 0.444727 
d_855 d855 0.392267 0.285115 0.322618 
d_856 d856 0.247662 0.384037 0.368301 
d_857 d857 0.232831 0.347691 0.419478 
d_858 d858 0.042310 0.426016 0.531674 
d_859 d859 0.081089 0.499518 0.419393 
d_860 d860 0.263532 0.305413 0.431055 
d_861 d861 0.352858 0.365875 0.281267 
d_862 d862 0.241352 0.479133 0.279515 
d_863 d863 0.134179 0.379182 0.486639 
d_864 d864 0.283678 0.379016 0.337306 
d_865 d865 0.277861 0.305597 0.416541 
d_866 d866 0.245928 0.327658 0.426415 
d_867 d867 0.216877 0.513563 0.269560 
d_868 d868 0.495823 0.248655 0.255521 
d_869 d869 0.062465 0.423966 0.513569 
d_870 d870 0.195559 0.360888 0.443553 
d_871 d871 0.102749 0.395185 0.502066 
d_872 d872 0.147599 0.361709 0.490692 
d_873 d873 0.119921 0.421428 0.458651 
d_874 d874 0.100735 0.457989 0.441276 
d_875 d875 0.167862 0.443648 0.388491 
d_876 d876 0.293858 0.429203 0.276940 
d_877 d877 0.384504 0.284387 0.331109 
d_878 d878 0.180182 0.429687 0.390131 
d_879 d879 0.163433 0.371947 0.464620 
d_880 d880 0.335046 0.453207 0.211748 
d_881 d881 0.344324 0.258600 0.397077 
d_882 d882 0.252300 0.426760 0.320940 
d_883 d883 0.167472 0.272843 0.559686 
d_884 d884 0.120905 0.414718 0.464377 
d_885 d885 0.238362 0.259947 0.501691 
d_886 d886 0.136335 0.463121 0.400545 
d_887 d887 0.357033 0.207726 0.435241 
d_888 d888 0.314992 0.409319 0.275689 
d_889 d889 0.183058 0.333333 0.483608 
d_890 d890 0.376297 0.324192 0.299511 
d_891 d891 0.200222 0.428047 0.371731 
d_892 d892 0.246500 0.369433 0.384068 
d_893 d893 0.157067 0.312518 0.530415 
d_894 d894 0.273864 0.248377 0.477760 
d_895 d895 0.175641 0.381056 0.443303 
d_896 d896 0.242535 0.288573 0.468892 
d_897 d897 0.146221 0.349464 0.504315 
d_898 d898 0.086525 0.279121 0.634353 
d_899 d899 0.320239 0.310418 0.369343 
d_900 d900 0.140839 0.325360 0.533800 
d_901 d901 0.456685 0.320049 0.223266 
d_902 d902 0.105750 0.440560 0.453690 
d_903 d903 0.188155 0.409379 0.402466 
d_904 d904 0.081817 0.472407 0.445776 
d_905 d905 0.202634 0.342245 0.455122 
d_906 d906 0.084678 0.369501 0.545820 
d_907 d907 0.265515 0.394693 0.339792 
d_908 d908 0.320862 0.407381 0.271756 
d_909 d909 0.366905 0.234385 0.398710 
d_910 d910 0.364513 0.319476 0.316011 
d_911 d911 0.244365 0.280294 0.475341 
d_912 d912 0.341553 0.279907 0.378540 
d_913 d913 0.453453 0.315176 0.231371 
d_914 d914 0.190091 0.351731 0.458177 
d_915 d915 0.226677 0.298199 0.475124 
d_916 d916 0.190917 0.376058 0.433025 
d_917 d917 0.253131 0.389772 0.357097 
d_918 d918 0.381153 0.337492 0.281356 
d_919 d919 0.126467 0.450092 0.423441 
d_920 d920 0.473484 0.245090 0.281426 
d_921 d921 0.204670 0.394602 0.400728 
d_922 d922 0.115551 0.356592 0.527857 
d_923 d923 0.082638 0.342450 0.574912 
d_924 d924 0.396695 0.320661 0.282644 
d_925 d925 0.200402 0.311693 0.487905 
d_926 d926 0.090484 0.622939 0.286576 
d_927 d927 0.235010 0.376192 0.388798 
d_928 d928 0.048202 0.376241 0.575556 
d_929 d929 0.180662 0.379799 0.439540 
d_930 d930 0.118000 0.313101 0.568899 
d_931 d931 0.170311 0.419547 0.410142 
d_932 d932 0.298270 0.366872 0.334858 
d_933 d933 0.154829 0.321333 0.523838 
d_934 d934 0.141046 0.343671 0.515283 
d_935 d935 0.308240 0.399018 0.292741 
d_936 d936 0.085564 0.335901 0.578535 
d_937 d937 0.183738 0.383198 0.433063 
d_938 d938 0.137508 0.311164 0.551327 
d_939 d939 0.275274 0.301401 0.423325 
d_940 d940 0.264230 0.351518 0.384252 
d_941 d941 0.253751 0.363057 0.383192 
d_942 d942 0.139839 0.326423 0.533738 
d_943 d943 0.096877 0.355588 0.547535 
d_944 d944 0.112556 0.321236 0.566208 
d_945 d945 0.291292 0.356265 0.352443 
d_946 d946 0.157921 0.439185 0.402893 
d_947 d947 0.458908 0.304182 0.236910 
d_948 d948 0.071798 0.381904 0.546298 
d_949 d949 0.132349 0.312991 0.554660 
d_950 d950 0.233501 0.417284 0.349216 
d_951 d951 0.247217 0.331006 0.421777 
d_952 d952 0.232075 0.472202 0.295723 
d_953 d953 0.129930 0.294217 0.575852 
d_954 d954 0.323387 0.347801 0.328812 
d_955 d955 0.090795 0.241988 0.667218 
d_956 d956 0.200486 0.371774 0.427740 
d_957 d957 0.210400 0.389816 0.399784 
d_958 d958 0.219515 0.349958 0.430526 
d_959 d959 0.049566 0.267079 0.683355 
d_960 d960 0.409221 0.259525 0.331254 
d_961 d961 0.178112 0.407997 0.413891 
d_962 d962 0.214308 0.394687 0.391006 
d_963 d963 0.261337 0.429914 0.308749 
d_964 d964 0.222081 0.243848 0.534071 
d_965 d965 0.127992 0.379732 0.492275 
d_966 d966 0.425045 0.340163 0.234792 
d_967 d967 0.322940 0.361049 0.316011 
d_968 d968 0.364999 0.411392 0.223609 
d_969 d969 0.202129 0.424929 0.372942 
d_970 d970 0.147717 0.393025 0.459258 
d_971 d971 0.332469 0.298760 0.368771 
d_972 d972 0.114786 0.659203 0.226011 
d_973 d973 0.180213 0.356479 0.463308 
d_974 d974 0.302719 0.381442 0.315839 
d_975 d975 0.233432 0.318197 0.448372 
d_976 d976 0.378480 0.370272 0.251248 
d_977 d977 0.261800 0.253384 0.484817 
d_978 d978 0.299467 0.490712 0.209821 
d_979 d979 0.173542 0.388771 0.437687 
d_980 d980 0.093362 0.300376 0.606262 
d_981 d981 0.303621 0.408039 0.288340 
d_982 d982 0.200402 0.297782 0.501816 
d_983 d983 0.128321 0.289581 0.582099 
d_984 d984 0.428339 0.304582 0.267079 
d_985 d985 0.134714 0.417747 0.447540 
d_986 d986 0.219343 0.300429 0.480228 
d_987 d987 0.143225 0.247190 0.609585 
d_988 d988 0.264272 0.296560 0.439168 
d_989 d989 0.251360 0.269245 0.479395 
d_990 d990 0.093305 0.333333 0.573362 
d_991 d991 0.305691 0.367886 0.326423 
d_992 d992 0.098372 0.407303 0.494325 
d_993 d993 0.289487 0.333333 0.377179 
d_994 d994 0.126782 0.292210 0.581008 
d_995 d995 0.113969 0.371209 0.514822 
d_996 d996 0.141145 0.522265 0.336591 
d_997 d997 0.289356 0.494584 0.216060 
d_998 d998 0.076667 0.359931 0.563402 
d_999 d999 0.387774 0.338067 0.274158 
d_1000 d1000 0.227213 0.335132 0.437655 
d_1001 d1001 0.442607 0.316747 0.240646 
d_1002 d1002 0.252682 0.431728 0.315590 
d_1003 d1003 0.163397 0.426830 0.409773 
d_1004 d1004 0.296898 0.276763 0.426339 
d_1005 d1005 0.328397 0.546317 0.125287 
d_1006 d1006 0.196055 0.553152 0.250793 
d_1007 d1007 0.399281 0.416999 0.183720 
d_1008 d1008 0.359181 0.406899 0.233920 
d_1009 d1009 0.310815 0.310815 0.378369 
d_1010 d1010 0.447891 0.272812 0.279297 
d_1011 d1011 0.122743 0.577496 0.299761 
d_1012 d1012 0.412492 0.447244 0.140265 
d_1013 d1013 0.146749 0.600149 0.253102 
d_1014 d1014 0.179580 0.442613 0.377807 
d_1015 d1015 0.234490 0.503111 0.262399 
d_1016 d1016 0.507113 0.215776 0.277110 
d_1017 d1017 0.131513 0.620825 0.247663 
d_1018 d1018 0.314002 0.457053 0.228945 
d_1019 d1019 0.489306 0.293193 0.217501 
d_1020 d1020 0.383607 0.275878 0.340515 
d_1021 d1021 0.091124 0.643361 0.265515 
d_1022 d1022 0.333333 0.337650 0.329016 
d_1023 d1023 0.250818 0.431096 0.318086 
d_1024 d1024 0.332585 0.323610 0.343805 
d_1025 d1025 0.310623 0.352911 0.336466 
d_1026 d1026 0.274746 0.532257 0.192997 
d_1027 d1027 0.241852 0.495909 0.262239 
d_1028 d1028 0.088514 0.475071 0.436415 
